1_scan_select1	1.0	2.0	2.0	2.0	2.0	2.0	1.0	2.0	2.0	2.0	
1_scan_select2	2.0	1.0	1.0	2.0	1.0	2.0	2.0	2.0	2.0	1.0	
1_scan_select3	2.0	2.0	2.0	1.0	2.0	1.0	2.0	1.0	2.0	2.0	
1_scan_select4	2.0	2.0	1.0	2.0	1.0	2.0	2.0	2.0	2.0	2.0	
1_scan_select5	2.0	2.0	2.0	1.0	2.0	2.0	2.0	1.0	2.0	2.0	
100_scan_select1	2.0	3.0	3.0	2.0	3.0	2.0	3.0	2.0	3.0	2.0	
100_scan_select2	2.0	3.0	3.0	3.0	3.0	3.0	3.0	3.0	2.0	3.0	
100_scan_select3	3.0	3.0	3.0	3.0	3.0	3.0	3.0	3.0	3.0	3.0	
100_scan_select4	3.0	3.0	3.0	3.0	3.0	3.0	3.0	2.0	2.0	2.0	
100_scan_select5	3.0	2.0	3.0	3.0	3.0	2.0	3.0	3.0	2.0	3.0	
1k_scan_select1	10.0	9.0	10.0	10.0	10.0	10.0	10.0	11.0	8.0	10.0	
1k_scan_select2	8.0	11.0	10.0	13.0	8.0	11.0	8.0	11.0	11.0	11.0	
1k_scan_select3	14.0	11.0	11.0	8.0	10.0	13.0	11.0	8.0	10.0	8.0	
1k_scan_select4	13.0	9.0	11.0	11.0	8.0	14.0	11.0	11.0	11.0	11.0	
1k_scan_select5	14.0	10.0	8.0	10.0	11.0	8.0	10.0	10.0	14.0	8.0	
10k_scan_select1	73.0	71.0	70.0	74.0	75.0	73.0	70.0	73.0	71.0	73.0	
10k_scan_select2	73.0	73.0	71.0	74.0	74.0	74.0	70.0	73.0	74.0	70.0	
10k_scan_select3	72.0	77.0	77.0	76.0	74.0	74.0	74.0	73.0	73.0	73.0	
10k_scan_select4	74.0	73.0	75.0	74.0	77.0	75.0	74.0	73.0	74.0	71.0	
10k_scan_select5	74.0	74.0	74.0	74.0	74.0	74.0	74.0	74.0	77.0	71.0	
50k_scan_select1	347.0	342.0	345.0	343.0	345.0	347.0	344.0	346.0	345.0	349.0	
50k_scan_select2	351.0	351.0	350.0	352.0	352.0	351.0	348.0	354.0	355.0	349.0	
50k_scan_select3	355.0	349.0	352.0	353.0	351.0	363.0	353.0	354.0	352.0	349.0	
50k_scan_select4	356.0	354.0	353.0	356.0	355.0	356.0	359.0	354.0	354.0	356.0	
50k_scan_select5	356.0	355.0	354.0	355.0	354.0	354.0	362.0	352.0	353.0	353.0	
100k_scan_select1	694.0	693.0	695.0	697.0	693.0	694.0	691.0	695.0	696.0	696.0	
100k_scan_select2	704.0	703.0	706.0	706.0	708.0	702.0	709.0	702.0	705.0	707.0	
100k_scan_select3	707.0	709.0	700.0	710.0	704.0	705.0	715.0	707.0	702.0	708.0	
100k_scan_select4	708.0	702.0	703.0	705.0	710.0	703.0	705.0	706.0	703.0	703.0	
100k_scan_select5	709.0	704.0	706.0	704.0	709.0	706.0	712.0	709.0	708.0	704.0	
200k_scan_select1	1385.0	1387.0	1381.0	1412.0	1383.0	1382.0	1379.0	1381.0	1382.0	1383.0	
200k_scan_select2	1452.0	1409.0	1400.0	1414.0	1396.0	1408.0	1400.0	1401.0	1401.0	1402.0	
200k_scan_select3	1400.0	1406.0	1406.0	1399.0	1405.0	1407.0	1402.0	1403.0	1402.0	1415.0	
200k_scan_select4	1401.0	1396.0	1399.0	1393.0	1441.0	1396.0	1404.0	1393.0	1395.0	1395.0	
200k_scan_select5	1395.0	1405.0	1404.0	1394.0	1396.0	1403.0	1398.0	1403.0	1419.0	1401.0	
300k_scan_select1	2060.0	2076.0	2066.0	2062.0	2065.0	2064.0	2062.0	2065.0	2060.0	2063.0	
300k_scan_select2	2094.0	2096.0	2114.0	2126.0	2094.0	2092.0	2095.0	2122.0	2089.0	2098.0	
300k_scan_select3	2111.0	2097.0	2098.0	2107.0	2105.0	2100.0	2093.0	2104.0	2125.0	2096.0	
300k_scan_select4	2095.0	2089.0	2085.0	2090.0	2083.0	2084.0	2082.0	2087.0	2084.0	2087.0	
300k_scan_select5	2101.0	2130.0	2097.0	2096.0	2105.0	2099.0	2097.0	2099.0	2095.0	2099.0	
400k_scan_select1	2789.0	2760.0	2742.0	2756.0	2742.0	2755.0	2745.0	2742.0	2748.0	2748.0	
400k_scan_select2	2794.0	2824.0	2795.0	2794.0	2822.0	2786.0	2837.0	2803.0	2792.0	2794.0	
400k_scan_select3	2791.0	2792.0	2793.0	2794.0	2808.0	2800.0	2798.0	2798.0	2798.0	2851.0	
400k_scan_select4	2774.0	2829.0	2783.0	2777.0	2812.0	2788.0	2782.0	2793.0	2793.0	2794.0	
400k_scan_select5	2802.0	2792.0	2798.0	2795.0	2801.0	2795.0	2825.0	2794.0	2802.0	2820.0	
500k_scan_select1	3440.0	3442.0	3436.0	3431.0	3433.0	3448.0	3481.0	3441.0	3429.0	3435.0	
500k_scan_select2	3512.0	3491.0	3487.0	3501.0	3494.0	3496.0	3492.0	3492.0	3503.0	3495.0	
500k_scan_select3	3503.0	3491.0	3538.0	3513.0	3498.0	3492.0	3490.0	3541.0	3509.0	3501.0	
500k_scan_select4	3492.0	3494.0	3496.0	3478.0	3475.0	3497.0	3473.0	3473.0	3498.0	3524.0	
500k_scan_select5	3492.0	3503.0	3502.0	3515.0	3507.0	3507.0	3501.0	3492.0	3544.0	3507.0	
600k_scan_select1	4134.0	4121.0	4125.0	4135.0	4168.0	4120.0	4133.0	4135.0	4126.0	4128.0	
600k_scan_select2	4184.0	4199.0	4173.0	4213.0	4227.0	4197.0	4176.0	4204.0	4192.0	4185.0	
600k_scan_select3	4187.0	4208.0	4213.0	4198.0	4200.0	4195.0	4293.0	4194.0	4233.0	4187.0	
600k_scan_select4	4181.0	4167.0	4167.0	4166.0	4164.0	4183.0	4235.0	4187.0	4161.0	4163.0	
600k_scan_select5	4184.0	4196.0	4344.0	4188.0	4195.0	4184.0	4188.0	4199.0	4224.0	4199.0	
700k_scan_select1	4801.0	5026.0	4807.0	4856.0	4842.0	4801.0	4819.0	4818.0	4806.0	4819.0	
700k_scan_select2	4878.0	4885.0	4887.0	4885.0	4964.0	4907.0	4892.0	4920.0	4865.0	4914.0	
700k_scan_select3	4946.0	4882.0	4902.0	4889.0	4905.0	4889.0	4922.0	4900.0	4893.0	4896.0	
700k_scan_select4	4891.0	4876.0	4901.0	4870.0	4913.0	4874.0	4929.0	4883.0	4855.0	4870.0	
700k_scan_select5	4876.0	4899.0	4957.0	4885.0	4888.0	4907.0	4925.0	4885.0	4904.0	4901.0	
800k_scan_select1	5509.0	5500.0	5508.0	5509.0	5541.0	5493.0	5501.0	5523.0	5498.0	5502.0	
800k_scan_select2	5629.0	5590.0	5610.0	5615.0	5578.0	5633.0	5744.0	5592.0	5593.0	5582.0	
800k_scan_select3	5600.0	5593.0	5601.0	5585.0	5657.0	5582.0	5609.0	5594.0	5592.0	5636.0	
800k_scan_select4	5559.0	5562.0	5559.0	5610.0	5570.0	5666.0	5661.0	5597.0	5608.0	5565.0	
800k_scan_select5	5605.0	5587.0	5632.0	5592.0	5575.0	5591.0	5605.0	5640.0	5589.0	5593.0	
900k_scan_select1	6208.0	6183.0	6223.0	6186.0	6191.0	6200.0	6195.0	6199.0	6186.0	6181.0	
900k_scan_select2	6311.0	6272.0	6312.0	6309.0	6287.0	6282.0	6326.0	6290.0	6522.0	6306.0	
900k_scan_select3	6300.0	6299.0	6324.0	6286.0	6311.0	6572.0	6317.0	6288.0	6324.0	6299.0	
900k_scan_select4	6402.0	6254.0	6268.0	6487.0	6263.0	6279.0	6314.0	6265.0	6249.0	6253.0	
900k_scan_select5	6302.0	6289.0	6309.0	6300.0	6306.0	6307.0	6309.0	6305.0	6342.0	6280.0	
1000k_scan_select1	6872.0	6814.0	6852.0	6828.0	6864.0	6813.0	6818.0	6904.0	6822.0	6822.0	
1000k_scan_select2	6937.0	6937.0	6922.0	6905.0	6950.0	6916.0	6927.0	6955.0	6957.0	6910.0	
1000k_scan_select3	6961.0	6975.0	6973.0	6945.0	6994.0	7017.0	6953.0	6967.0	6962.0	6961.0	
1000k_scan_select4	6996.0	6996.0	7059.0	6993.0	6993.0	6998.0	7040.0	6995.0	7010.0	7024.0	
1000k_scan_select5	6998.0	7001.0	6992.0	7036.0	6971.0	7012.0	6983.0	7052.0	6979.0	6996.0	
