                                	pgres			oas
1_scan                          	788.60   	31.22	37.40    	2.59	2484.00	127.06
100_scan                        	2225.00  	51.21	39.80    	0.41	3614.80	23.76
1k_scan                         	2131.20  	110.67	57.50    	4.53	3590.10	7.49
10k_scan                        	2978.10  	88.51	247.10   	15.04	3068.20	44.74
50k_scan                        	3921.00  	12.18	1211.10  	12.73	3463.20	63.07
100k_scan                       	5136.50  	129.84	2781.80  	17.82	2538.80	14.39
200k_scan                       	9309.00  	25.83	5478.30  	4.17	2572.80	139.31
300k_scan                       	13470.60 	12.94	8285.10  	23.02	2536.20	106.82
400k_scan                       	17272.80 	36.96	11112.60 	40.22	2342.60	112.25
500k_scan                       	21368.80 	167.29	13711.40 	8.50	2383.70	31.35
600k_scan                       	25504.40 	30.49	16619.60 	11.96	2628.20	64.09
700k_scan                       	29783.70 	31.30	19416.40 	71.82	2563.10	33.12
800k_scan                       	33664.00 	84.77	22237.90 	6.72	2485.00	12.14
900k_scan                       	37617.00 	100.02	25342.50 	51.54	2581.90	9.39
1000k_scan                      	41610.70 	7.72	27864.50 	25.84	2621.40	32.15
1_scan_select1                  	1028.40  	78.48	40.00    	1.72	2588.80	11.95
1_scan_select2                  	967.90   	46.72	42.00    	6.01	2532.60	79.22
1_scan_select3                  	885.00   	12.40	42.20    	2.68	2488.70	100.82
1_scan_select4                  	835.80   	82.46	38.50    	1.68	2601.10	50.31
1_scan_select5                  	968.70   	55.83	40.10    	2.05	2614.60	53.28
100_scan_select1                	2110.70  	18.41	43.90    	5.65	3211.70	191.85
100_scan_select2                	2318.20  	58.53	43.70    	5.59	3257.60	135.26
100_scan_select3                	2140.60  	54.30	45.70    	1.59	3218.70	134.48
100_scan_select4                	2179.80  	184.63	43.70    	2.30	3438.80	86.68
100_scan_select5                	2894.40  	320.82	36.30    	0.35	3151.70	71.62
1k_scan_select1                 	2052.80  	130.32	54.50    	4.22	3531.30	33.28
1k_scan_select2                 	2265.80  	120.10	50.50    	0.73	3335.30	175.49
1k_scan_select3                 	2178.20  	49.50	57.20    	1.33	3215.00	249.68
1k_scan_select4                 	2166.60  	58.92	62.10    	0.69	3573.20	171.41
1k_scan_select5                 	2272.10  	145.71	63.90    	5.02	3398.70	155.12
10k_scan_select1                	2452.30  	138.63	268.90   	1.36	3456.60	7.20
10k_scan_select2                	2435.80  	166.77	276.30   	3.48	3626.70	14.40
10k_scan_select3                	2491.30  	74.84	270.00   	0.74	3433.70	148.59
10k_scan_select4                	2395.90  	139.66	272.40   	4.81	3426.90	58.81
10k_scan_select5                	2627.10  	134.05	270.40   	5.19	3626.90	113.72
50k_scan_select1                	3049.40  	51.81	1254.40  	6.88	3522.50	174.88
50k_scan_select2                	3363.50  	134.19	1248.10  	5.76	3467.30	145.50
50k_scan_select3                	3197.00  	17.35	1256.50  	16.18	3508.00	75.05
50k_scan_select4                	3177.80  	76.31	1329.80  	8.13	3605.80	168.80
50k_scan_select5                	3192.20  	17.31	1261.50  	7.89	3360.80	80.01
100k_scan_select1               	3310.90  	105.31	2260.10  	13.05	2347.70	143.49
100k_scan_select2               	3411.20  	130.77	2316.30  	10.46	2436.80	80.13
100k_scan_select3               	3405.60  	45.18	2330.30  	5.62	2576.10	8.91
100k_scan_select4               	3359.20  	40.80	2331.80  	8.70	2435.00	109.35
100k_scan_select5               	3498.50  	99.53	2285.10  	23.71	2349.60	56.61
200k_scan_select1               	5672.00  	12.50	4404.90  	23.40	2540.90	25.39
200k_scan_select2               	5746.20  	14.82	4542.30  	28.28	2671.30	136.77
200k_scan_select3               	5650.90  	83.31	4614.50  	27.85	2587.80	184.75
200k_scan_select4               	5640.90  	88.04	4576.80  	9.13	2671.10	51.49
200k_scan_select5               	5778.90  	176.65	4424.20  	17.02	2662.20	42.28
300k_scan_select1               	7694.90  	25.56	6620.30  	28.54	2532.40	30.93
300k_scan_select2               	7722.60  	73.48	6755.80  	15.75	2576.60	30.17
300k_scan_select3               	7748.60  	60.85	6801.00  	10.68	2668.30	4.94
300k_scan_select4               	8039.80  	121.70	6856.40  	18.54	2593.30	14.45
300k_scan_select5               	7753.00  	51.41	6739.60  	50.49	2595.90	53.67
400k_scan_select1               	10127.50 	127.50	8847.70  	16.57	2608.40	50.23
400k_scan_select2               	9977.70  	2.40	8953.60  	63.15	2522.90	19.35
400k_scan_select3               	10007.60 	20.02	9151.90  	15.43	2481.30	95.91
400k_scan_select4               	10020.50 	46.61	9204.90  	9.65	2460.20	50.27
400k_scan_select5               	10337.20 	92.09	8836.40  	8.40	2507.40	133.49
500k_scan_select1               	12099.20 	157.74	11070.60 	7.27	2346.60	27.70
500k_scan_select2               	12105.10 	130.70	11318.10 	64.99	2557.80	4.59
500k_scan_select3               	12167.60 	20.05	11507.30 	6.82	2502.20	71.67
500k_scan_select4               	12157.00 	4.54	11450.70 	5.87	2632.00	18.78
500k_scan_select5               	12355.20 	206.07	11210.40 	39.66	2639.80	48.41
600k_scan_select1               	14180.70 	19.00	13423.70 	12.71	2608.00	50.03
600k_scan_select2               	14054.90 	77.02	13749.10 	16.24	2680.50	107.54
600k_scan_select3               	14283.00 	41.68	13770.50 	53.20	2686.70	24.96
600k_scan_select4               	14310.30 	94.10	13878.70 	34.93	2398.50	123.20
600k_scan_select5               	14570.20 	123.97	13438.80 	73.09	2631.10	114.79
700k_scan_select1               	16455.70 	95.93	15789.30 	45.66	2582.70	153.25
700k_scan_select2               	16683.90 	124.08	16102.50 	21.99	2545.40	59.65
700k_scan_select3               	16366.10 	20.92	16199.00 	108.02	2592.90	6.48
700k_scan_select4               	16516.10 	170.76	16100.50 	33.25	2530.80	117.74
700k_scan_select5               	16603.70 	47.46	15728.30 	87.94	2631.10	19.66
800k_scan_select1               	18598.80 	12.94	18103.90 	10.33	2437.00	83.03
800k_scan_select2               	18517.00 	162.36	18550.80 	27.96	2554.60	87.50
800k_scan_select3               	18714.80 	111.00	18612.60 	9.65	2514.30	49.92
800k_scan_select4               	18653.00 	13.23	18532.60 	12.33	2559.80	9.55
800k_scan_select5               	18916.10 	92.41	17981.60 	72.58	2475.10	90.02
900k_scan_select1               	20809.80 	112.11	20377.10 	22.58	2395.50	15.17
900k_scan_select2               	20749.50 	68.23	20763.30 	14.31	2549.60	132.17
900k_scan_select3               	20925.50 	148.85	21209.30 	97.48	2463.00	97.06
900k_scan_select4               	20816.50 	108.51	20959.90 	27.76	2516.30	37.94
900k_scan_select5               	20922.70 	201.91	20417.80 	38.30	2605.80	153.40
1000k_scan_select1              	23709.90 	270.37	22569.50 	48.20	2623.40	4.51
1000k_scan_select2              	23899.60 	84.62	23045.60 	84.14	2316.00	70.00
1000k_scan_select3              	24263.00 	217.08	23354.00 	74.34	2341.30	76.51
1000k_scan_select4              	24094.90 	174.39	23305.80 	2.53	2601.50	101.50
1000k_scan_select5              	24313.60 	139.58	22642.60 	24.22	2574.50	6.73
1_scan_project1                 	827.50   	3.95	39.40    	1.92	2567.00	94.36
1_scan_project3                 	912.80   	46.98	48.00    	4.71	2522.10	86.03
1_scan_project6                 	1037.80  	11.88	36.20    	3.02	2575.50	64.64
1_scan_project9                 	992.40   	58.52	44.00    	1.33	2542.90	12.91
1_scan_project12                	980.40   	69.19	37.20    	1.29	2673.30	74.96
100_scan_project1               	2007.10  	90.71	36.90    	0.71	3371.80	267.41
100_scan_project3               	2066.30  	135.82	39.10    	0.43	3412.70	28.03
100_scan_project6               	2231.60  	23.54	35.80    	2.95	3298.40	58.22
100_scan_project9               	2103.00  	152.04	36.50    	1.09	3467.10	22.43
100_scan_project12              	2225.30  	106.90	36.60    	0.86	3237.10	113.41
1k_scan_project1                	2062.70  	87.82	54.20    	0.86	3429.60	76.98
1k_scan_project3                	2054.40  	126.54	53.60    	0.87	3342.20	118.32
1k_scan_project6                	2099.00  	152.02	55.90    	2.70	3348.40	149.85
1k_scan_project9                	2144.80  	171.43	58.50    	7.51	3399.70	76.79
1k_scan_project12               	2156.60  	60.90	59.40    	2.19	3529.90	125.67
10k_scan_project1               	2258.30  	103.63	205.80   	6.94	3484.50	107.17
10k_scan_project3               	2383.80  	168.27	228.00   	4.10	3580.00	6.80
10k_scan_project6               	2299.70  	52.90	247.00   	4.01	3584.20	134.75
10k_scan_project9               	2597.20  	90.35	315.10   	11.09	3453.30	161.79
10k_scan_project12              	2494.60  	33.73	314.20   	3.44	3417.20	163.62
50k_scan_project1               	2743.80  	208.94	904.50   	2.22	4249.60	262.23
50k_scan_project3               	2962.80  	50.81	1074.10  	35.07	3566.10	189.05
50k_scan_project6               	4196.30  	519.46	1156.10  	14.01	3739.70	250.57
50k_scan_project9               	3225.20  	54.86	1334.30  	1.54	3677.10	77.18
50k_scan_project12              	3556.00  	21.22	1399.60  	15.90	3710.90	273.71
100k_scan_project1              	1976.20  	89.76	1602.30  	1.31	2595.20	44.95
100k_scan_project3              	2273.50  	71.93	1832.30  	4.80	2640.00	3.50
100k_scan_project6              	2652.30  	138.60	2105.00  	5.06	2119.10	8.41
100k_scan_project9              	3243.00  	29.25	2423.50  	3.25	2445.20	114.07
100k_scan_project12             	4216.40  	46.28	2614.30  	13.45	2510.10	161.69
200k_scan_project1              	2854.30  	143.48	3165.40  	9.85	2599.00	258.03
200k_scan_project3              	3634.50  	116.17	3625.10  	1.71	2522.30	111.94
200k_scan_project6              	4429.30  	92.50	4142.10  	11.66	2592.80	68.36
200k_scan_project9              	5568.00  	21.37	4797.30  	6.33	2553.50	44.55
200k_scan_project12             	7611.60  	129.23	5141.50  	25.26	2436.00	16.45
300k_scan_project1              	3686.30  	21.93	4704.50  	25.55	2387.50	141.91
300k_scan_project3              	4807.00  	34.68	5354.70  	32.44	2566.50	152.52
300k_scan_project6              	6154.30  	52.60	6222.60  	7.69	2607.40	180.16
300k_scan_project9              	7500.90  	137.00	7090.80  	14.01	2615.30	12.82
300k_scan_project12             	10575.70 	54.91	7703.50  	43.84	2464.50	106.51
400k_scan_project1              	4572.90  	22.32	6211.60  	12.99	2530.70	70.12
400k_scan_project3              	6132.90  	59.31	7108.30  	10.26	2552.30	94.58
400k_scan_project6              	7673.50  	4.84	8244.60  	21.67	2551.00	43.04
400k_scan_project9              	9738.20  	63.96	9539.40  	28.25	2555.00	210.02
400k_scan_project12             	13742.90 	96.71	10271.20 	10.72	2539.30	82.52
500k_scan_project1              	5105.90  	105.98	7776.10  	33.36	2381.00	3.50
500k_scan_project3              	7233.70  	151.30	8891.80  	17.08	2469.90	46.04
500k_scan_project6              	9305.10  	65.01	10310.90 	1.90	2560.60	9.97
500k_scan_project9              	11890.30 	29.19	11946.20 	2.48	2508.50	107.85
500k_scan_project12             	16751.70 	94.95	12848.70 	53.57	2719.50	16.63
600k_scan_project1              	5859.00  	82.35	9482.70  	46.59	2508.60	125.27
600k_scan_project3              	8380.00  	32.28	10776.60 	128.14	2725.60	14.22
600k_scan_project6              	10859.70 	225.26	12527.70 	3.12	2516.80	123.31
600k_scan_project9              	14001.60 	122.95	14413.20 	6.47	2602.20	12.79
600k_scan_project12             	20066.60 	48.20	15545.70 	58.78	2543.10	9.99
700k_scan_project1              	6649.20  	62.31	11219.60 	7.27	2425.10	112.98
700k_scan_project3              	9706.70  	65.73	12625.90 	22.55	2553.60	106.89
700k_scan_project6              	12534.40 	192.81	14736.60 	41.82	2534.80	59.81
700k_scan_project9              	16199.60 	247.57	16790.40 	63.89	2398.50	106.52
700k_scan_project12             	23058.30 	252.58	18126.90 	11.20	2479.60	90.22
800k_scan_project1              	7334.30  	101.82	12876.60 	26.88	2542.00	7.59
800k_scan_project3              	10797.20 	37.73	14635.10 	112.04	2625.40	90.48
800k_scan_project6              	13977.70 	89.59	16877.90 	7.89	2483.40	93.58
800k_scan_project9              	18235.40 	38.70	19323.40 	45.39	2590.10	58.39
800k_scan_project12             	26527.50 	143.92	21036.10 	57.72	2524.50	94.19
900k_scan_project1              	8372.10  	108.53	14551.10 	75.77	2561.00	41.67
900k_scan_project3              	12252.10 	389.32	16425.70 	21.31	2692.60	23.94
900k_scan_project6              	15781.30 	129.62	19032.70 	53.60	2543.20	127.07
900k_scan_project9              	20261.40 	54.24	21793.30 	27.91	2941.10	7.81
900k_scan_project12             	30000.20 	158.85	23470.00 	132.69	2304.50	75.22
1000k_scan_project1             	10241.10 	115.25	16258.70 	48.60	2511.20	77.95
1000k_scan_project3             	15326.80 	40.39	18290.80 	42.63	2445.40	45.23
1000k_scan_project6             	19111.60 	143.61	21051.60 	77.26	2535.20	17.49
1000k_scan_project9             	24127.80 	295.45	24351.00 	112.05	2579.20	48.43
1000k_scan_project12            	32868.70 	199.59	25976.40 	30.29	2709.60	6.26
1_scan_sort1                    	913.60   	21.51	38.40    	2.24	2418.90	71.00
1_scan_sort3                    	928.30   	122.29	40.80    	0.24	2599.10	9.71
1_scan_sort6                    	806.60   	11.29	39.60    	1.86	2711.80	10.42
1_scan_sort9                    	917.80   	11.79	41.90    	1.54	2514.70	180.25
1_scan_sort12                   	891.00   	45.68	39.50    	1.87	2486.90	22.11
100_scan_sort1                  	2194.50  	124.56	35.80    	2.66	3489.30	51.02
100_scan_sort3                  	2201.20  	159.48	41.40    	0.86	3367.40	150.18
100_scan_sort6                  	2129.90  	139.05	40.20    	0.46	3316.90	68.40
100_scan_sort9                  	2254.30  	93.62	39.00    	0.21	3358.30	172.13
100_scan_sort12                 	2052.50  	131.52	36.90    	1.07	3424.80	116.00
1k_scan_sort1                   	2257.40  	155.92	69.00    	0.39	3521.30	121.44
1k_scan_sort3                   	2544.40  	11.00	70.10    	3.76	3524.80	205.62
1k_scan_sort6                   	2065.00  	114.08	62.00    	0.73	3585.40	247.50
1k_scan_sort9                   	2352.60  	68.97	60.10    	0.43	3309.70	266.44
1k_scan_sort12                  	2114.10  	44.72	61.90    	0.69	3602.50	99.84
10k_scan_sort1                  	3075.20  	41.77	381.30   	5.91	3452.50	6.90
10k_scan_sort3                  	2822.90  	18.19	383.40   	4.65	3457.80	189.29
10k_scan_sort6                  	2983.60  	45.16	380.60   	1.59	3583.20	208.28
10k_scan_sort9                  	3018.60  	11.96	394.90   	4.01	3594.70	159.80
10k_scan_sort12                 	2808.90  	21.48	400.80   	10.43	3677.50	303.84
50k_scan_sort1                  	5034.20  	1.99	2063.50  	23.17	3392.50	116.85
50k_scan_sort3                  	5133.00  	85.73	1998.50  	7.57	3606.80	26.23
50k_scan_sort6                  	5286.70  	22.74	2029.90  	2.99	3567.50	211.50
50k_scan_sort9                  	4976.80  	63.39	1991.10  	8.76	3709.70	266.91
50k_scan_sort12                 	5064.20  	11.79	2015.80  	2.62	3597.70	388.77
100k_scan_sort1                 	6993.40  	8.87	3796.20  	22.07	2472.60	72.22
100k_scan_sort3                 	6971.40  	15.03	3783.50  	1.54	2592.80	173.07
100k_scan_sort6                 	6879.00  	125.71	3782.60  	21.89	2582.90	170.75
100k_scan_sort9                 	7057.40  	52.83	3769.40  	10.92	2546.60	140.82
100k_scan_sort12                	7097.70  	24.99	3815.20  	0.72	2458.20	79.64
200k_scan_sort1                 	13349.10 	59.37	7762.80  	11.96	2720.10	14.43
200k_scan_sort3                 	13378.80 	18.83	7664.40  	0.34	2535.90	90.75
200k_scan_sort6                 	13255.00 	136.06	7685.70  	14.59	2700.90	29.31
200k_scan_sort9                 	13201.10 	46.07	7700.50  	10.97	2510.00	73.04
200k_scan_sort12                	13254.90 	22.19	7727.80  	20.29	2573.60	26.72
300k_scan_sort1                 	19671.70 	56.59	11812.10 	2.68	2544.20	103.41
300k_scan_sort3                 	19701.10 	114.04	11809.70 	43.62	2491.20	98.35
300k_scan_sort6                 	19617.10 	14.19	11731.50 	20.88	2565.80	41.10
300k_scan_sort9                 	19605.50 	148.53	11775.00 	60.67	2540.40	86.17
300k_scan_sort12                	19498.70 	60.70	11836.40 	5.90	2546.80	67.77
400k_scan_sort1                 	26085.60 	166.29	15879.40 	13.10	2486.40	20.40
400k_scan_sort3                 	25891.90 	104.72	15799.60 	6.39	2498.10	77.41
400k_scan_sort6                 	25861.90 	193.34	15731.80 	62.28	2558.90	5.76
400k_scan_sort9                 	26007.00 	111.70	15790.70 	34.45	2584.70	57.24
400k_scan_sort12                	25807.40 	8.30	15849.40 	22.26	2556.00	134.06
500k_scan_sort1                 	32385.50 	252.22	19904.40 	30.91	2742.80	86.28
500k_scan_sort3                 	32704.10 	46.37	19839.20 	4.27	2499.90	7.73
500k_scan_sort6                 	32512.00 	181.42	19809.90 	88.32	2445.60	10.41
500k_scan_sort9                 	32670.90 	198.35	19936.70 	42.44	2314.90	97.32
500k_scan_sort12                	32329.60 	194.56	19975.50 	105.53	2257.10	67.04
600k_scan_sort1                 	38481.70 	261.93	24205.20 	31.95	2674.60	31.92
600k_scan_sort3                 	38646.50 	170.85	24110.70 	1.58	2578.30	34.95
600k_scan_sort6                 	38471.00 	46.50	24084.30 	6.30	2506.50	106.87
600k_scan_sort9                 	38606.70 	185.01	24165.40 	51.17	2567.00	21.58
600k_scan_sort12                	39162.70 	25.93	24281.40 	11.32	2530.10	50.81
700k_scan_sort1                 	44823.70 	309.28	28347.30 	60.24	2623.10	88.00
700k_scan_sort3                 	45198.10 	572.71	28176.10 	21.69	2664.60	135.54
700k_scan_sort6                 	45134.20 	446.40	28177.40 	34.65	2657.40	119.86
700k_scan_sort9                 	45043.20 	395.76	28344.00 	2.04	2725.50	11.94
700k_scan_sort12                	45662.30 	528.46	28419.60 	43.52	2633.70	116.25
800k_scan_sort1                 	51608.50 	1072.50	32789.80 	103.46	2682.60	28.52
800k_scan_sort3                 	52417.10 	189.46	32571.20 	47.39	2714.00	4.49
800k_scan_sort6                 	51617.10 	51.73	32520.00 	12.01	2657.20	22.96
800k_scan_sort9                 	52343.00 	589.68	32680.20 	98.94	2683.20	24.96
800k_scan_sort12                	51990.30 	77.76	32805.20 	113.98	2767.00	11.19
900k_scan_sort1                 	58303.90 	157.88	37108.60 	37.55	2703.20	75.74
900k_scan_sort3                 	57417.00 	232.10	37022.30 	45.83	2635.70	28.91
900k_scan_sort6                 	57441.10 	380.67	36926.20 	13.81	2721.30	134.79
900k_scan_sort9                 	58130.80 	18.88	37034.30 	19.60	2663.50	69.18
900k_scan_sort12                	57595.00 	282.70	37223.10 	56.40	2801.50	35.56
1000k_scan_sort1                	66528.00 	284.52	42079.80 	86.93	2667.60	2.00
1000k_scan_sort3                	66755.80 	928.61	41882.50 	18.19	2695.40	125.53
1000k_scan_sort6                	66757.80 	615.61	41818.10 	28.64	2645.80	102.95
1000k_scan_sort9                	67160.80 	116.13	41917.40 	39.19	2693.90	97.38
1000k_scan_sort12               	67390.30 	1018.10	42005.50 	24.27	2739.20	3.80
1_scan_select_project_sort1     	993.80   	70.28	39.90    	1.76	2760.10	185.06
1_scan_select_project_sort3     	927.00   	35.72	44.60    	18.14	2506.70	102.92
1_scan_select_project_sort6     	946.60   	108.52	42.40    	1.03	2621.70	19.89
1_scan_select_project_sort9     	933.40   	37.56	39.90    	2.11	2560.60	59.61
1_scan_select_project_sort12    	902.70   	43.59	33.20    	3.64	2515.10	130.08
100_scan_select_project_sort1   	2117.60  	77.94	39.10    	3.31	3372.00	308.69
100_scan_select_project_sort3   	2304.40  	171.50	39.10    	0.76	4251.40	105.90
100_scan_select_project_sort6   	2201.70  	108.31	34.70    	1.16	3278.20	297.94
100_scan_select_project_sort9   	2227.60  	28.18	38.90    	0.37	3085.10	58.74
100_scan_select_project_sort12  	2036.40  	69.90	31.40    	1.52	3308.40	44.88
1k_scan_select_project_sort1    	2157.80  	55.96	54.90    	3.68	3630.30	268.44
1k_scan_select_project_sort3    	2275.10  	121.35	52.40    	1.59	3337.30	114.16
1k_scan_select_project_sort6    	2359.10  	314.98	55.90    	0.77	3314.20	162.73
1k_scan_select_project_sort9    	2134.20  	127.14	55.60    	1.55	3282.90	138.97
1k_scan_select_project_sort12   	2268.80  	57.88	63.40    	4.58	3453.80	114.63
10k_scan_select_project_sort1   	2287.30  	139.14	231.70   	2.29	3329.60	117.59
10k_scan_select_project_sort3   	2522.90  	4.14	255.00   	7.01	3713.50	98.17
10k_scan_select_project_sort6   	3182.50  	200.27	276.00   	7.75	3581.90	135.67
10k_scan_select_project_sort9   	2536.30  	6.84	275.00   	6.69	3330.20	154.77
10k_scan_select_project_sort12  	2536.90  	41.14	306.40   	12.14	3616.20	250.17
50k_scan_select_project_sort1   	3230.00  	63.09	1120.70  	2.37	3624.70	249.58
50k_scan_select_project_sort3   	2919.00  	113.03	1170.90  	5.36	3619.60	136.47
50k_scan_select_project_sort6   	2971.00  	151.34	1244.20  	8.67	3522.50	114.84
50k_scan_select_project_sort9   	3321.60  	129.26	1340.50  	48.50	3529.00	36.19
50k_scan_select_project_sort12  	3489.70  	134.63	1410.70  	0.92	3465.80	132.77
100k_scan_select_project_sort1  	2172.80  	100.00	2075.90  	1.98	2252.30	9.59
100k_scan_select_project_sort3  	2479.90  	137.32	2191.20  	4.35	2539.10	61.01
100k_scan_select_project_sort6  	2753.60  	9.59	2332.20  	18.78	2424.10	83.98
100k_scan_select_project_sort9  	3212.90  	1.73	2484.80  	5.68	2560.40	84.52
100k_scan_select_project_sort12 	3686.60  	4.07	2634.90  	12.71	2526.90	99.06
200k_scan_select_project_sort1  	3046.30  	104.79	4189.80  	28.76	2566.70	109.60
200k_scan_select_project_sort3  	3671.00  	26.01	4387.80  	7.35	2595.50	50.53
200k_scan_select_project_sort6  	4438.10  	152.66	4630.30  	11.14	2608.60	11.06
200k_scan_select_project_sort9  	5072.40  	93.14	5001.10  	15.51	2251.20	53.42
200k_scan_select_project_sort12 	6459.30  	4.12	5226.50  	3.40	2501.00	69.42
300k_scan_select_project_sort1  	3999.80  	47.64	6342.20  	29.63	2690.20	59.94
300k_scan_select_project_sort3  	4829.00  	66.35	6670.20  	21.60	2615.40	10.60
300k_scan_select_project_sort6  	5911.90  	24.42	6978.60  	2.56	2603.80	70.07
300k_scan_select_project_sort9  	7200.00  	5.81	7641.50  	12.61	2655.50	25.63
300k_scan_select_project_sort12 	9129.00  	123.00	7899.00  	3.76	2224.60	24.94
400k_scan_select_project_sort1  	4529.70  	26.61	8696.00  	53.72	2696.90	50.07
400k_scan_select_project_sort3  	6012.70  	14.40	9027.40  	74.48	2604.00	41.39
400k_scan_select_project_sort6  	7636.10  	172.76	9458.50  	13.62	2587.70	71.83
400k_scan_select_project_sort9  	9202.00  	50.21	10316.00 	8.02	2604.00	13.19
400k_scan_select_project_sort12 	11789.00 	58.74	10629.70 	26.77	2627.10	76.97
500k_scan_select_project_sort1  	5727.20  	77.07	10945.10 	3.98	2373.30	18.34
500k_scan_select_project_sort3  	7357.10  	302.32	11452.90 	4.02	2631.20	39.70
500k_scan_select_project_sort6  	9149.10  	44.72	11734.50 	167.88	2525.60	100.15
500k_scan_select_project_sort9  	11165.20 	192.45	13017.40 	26.14	2600.10	46.04
500k_scan_select_project_sort12 	14474.20 	150.42	13465.70 	60.85	2631.50	29.24
600k_scan_select_project_sort1  	6446.30  	72.59	13188.10 	1.90	2523.90	57.68
600k_scan_select_project_sort3  	8527.60  	80.72	13909.10 	2.44	2316.90	27.42
600k_scan_select_project_sort6  	10389.10 	17.61	14543.30 	24.01	2422.50	55.95
600k_scan_select_project_sort9  	13291.60 	341.49	15629.10 	32.38	2608.10	120.76
600k_scan_select_project_sort12 	16842.00 	14.37	16356.80 	7.77	2607.40	64.33
700k_scan_select_project_sort1  	7466.70  	59.83	15624.90 	11.28	2538.70	124.94
700k_scan_select_project_sort3  	10061.50 	16.32	16319.00 	64.02	2627.70	108.17
700k_scan_select_project_sort6  	12401.10 	298.64	17193.50 	34.54	2508.70	75.45
700k_scan_select_project_sort9  	15277.80 	212.94	18492.00 	58.37	2576.00	76.78
700k_scan_select_project_sort12 	20242.20 	55.62	19327.40 	10.68	2596.50	63.52
800k_scan_select_project_sort1  	7938.50  	38.85	18016.50 	9.91	2435.30	115.26
800k_scan_select_project_sort3  	10946.10 	140.42	18874.30 	37.34	2616.80	128.46
800k_scan_select_project_sort6  	13937.20 	59.70	19884.40 	46.84	2537.20	1.84
800k_scan_select_project_sort9  	17526.80 	185.62	21455.60 	22.53	2503.80	63.12
800k_scan_select_project_sort12 	22961.20 	121.74	22260.00 	9.38	2610.40	20.27
900k_scan_select_project_sort1  	9091.10  	47.55	20607.50 	78.19	2562.50	22.17
900k_scan_select_project_sort3  	12322.90 	125.71	21474.70 	8.35	2504.50	111.57
900k_scan_select_project_sort6  	15578.10 	206.43	22564.60 	13.52	2567.00	24.18
900k_scan_select_project_sort9  	19735.00 	113.03	24309.80 	10.37	2512.60	114.89
900k_scan_select_project_sort12 	25488.00 	9.92	25396.10 	84.31	2694.50	35.84
1000k_scan_select_project_sort1 	11761.70 	153.25	22988.40 	11.14	2735.50	69.86
1000k_scan_select_project_sort3 	15545.50 	13.13	23968.30 	7.11	2555.80	47.10
1000k_scan_select_project_sort6 	19139.70 	312.79	24966.90 	77.37	2694.60	57.16
1000k_scan_select_project_sort9 	23294.40 	20.89	27267.40 	49.14	2634.90	65.73
1000k_scan_select_project_sort12	30149.80 	23.51	28061.60 	58.14	2705.30	12.45
