t1_scan	672.0	12.0	10.0	12.0	13.0	10.0	16.0	12.0	10.0	12.0	
t100_scan	66.0	12.0	21.0	15.0	15.0	15.0	15.0	15.0	15.0	15.0	
t1k_scan	56.0	40.0	38.0	45.0	45.0	46.0	45.0	45.0	45.0	45.0	
t10k_scan	345.0	300.0	299.0	301.0	303.0	296.0	295.0	295.0	296.0	295.0	
t50k_scan	1644.0	1470.0	1475.0	1473.0	1474.0	1466.0	1469.0	1477.0	1473.0	1475.0	
t100k_scan	3008.0	2928.0	2918.0	2918.0	2927.0	2934.0	2919.0	2914.0	2935.0	2926.0	
t200k_scan	6051.0	5939.0	5939.0	5935.0	5926.0	5937.0	5933.0	5942.0	5958.0	5925.0	
t300k_scan	9044.0	8947.0	8918.0	8938.0	8932.0	8934.0	8939.0	8936.0	8958.0	8930.0	
t400k_scan	12148.0	11935.0	11962.0	11936.0	11959.0	11924.0	11929.0	11899.0	11935.0	11942.0	
t500k_scan	15190.0	14946.0	14938.0	15010.0	14956.0	14938.0	14933.0	14964.0	14903.0	14981.0	
t600k_scan	18151.0	17932.0	17934.0	17936.0	17904.0	17931.0	17983.0	17976.0	17969.0	17943.0	
t700k_scan	21225.0	20963.0	20933.0	20959.0	20940.0	20938.0	20941.0	21008.0	20874.0	20923.0	
t800k_scan	24328.0	23991.0	23972.0	23929.0	23841.0	23961.0	23982.0	23949.0	23933.0	23841.0	
t900k_scan	27104.0	26977.0	26941.0	26993.0	26963.0	26891.0	26989.0	26977.0	27011.0	26940.0	
t1000k_scan	30327.0	30386.0	29915.0	29975.0	29999.0	29979.0	29999.0	29881.0	29973.0	29986.0	
t1_scan_select1	75.0	12.0	10.0	10.0	11.0	13.0	10.0	16.0	12.0	16.0	
t1_scan_select2	34.0	13.0	17.0	10.0	12.0	10.0	12.0	10.0	12.0	10.0	
t1_scan_select3	17.0	16.0	16.0	10.0	12.0	10.0	12.0	10.0	16.0	16.0	
t1_scan_select4	17.0	17.0	16.0	10.0	12.0	10.0	12.0	10.0	16.0	16.0	
t1_scan_select5	17.0	10.0	12.0	10.0	12.0	16.0	13.0	10.0	12.0	16.0	
t100_scan_select1	26.0	14.0	11.0	19.0	11.0	17.0	11.0	15.0	11.0	19.0	
t100_scan_select2	12.0	12.0	14.0	14.0	11.0	13.0	14.0	14.0	11.0	13.0	
t100_scan_select3	20.0	19.0	14.0	15.0	11.0	19.0	19.0	14.0	15.0	11.0	
t100_scan_select4	20.0	12.0	13.0	14.0	15.0	11.0	13.0	19.0	19.0	15.0	
t1k_scan_select1	47.0	40.0	38.0	25.0	24.0	33.0	39.0	33.0	38.0	24.0	
t1k_scan_select2	25.0	33.0	39.0	33.0	38.0	33.0	29.0	32.0	38.0	24.0	
t1k_scan_select3	25.0	33.0	39.0	24.0	33.0	39.0	33.0	38.0	24.0	33.0	
t1k_scan_select4	39.0	24.0	33.0	39.0	24.0	33.0	39.0	25.0	33.0	39.0	
t10k_scan_select1	155.0	162.0	159.0	163.0	154.0	163.0	160.0	155.0	162.0	165.0	
t10k_scan_select2	185.0	163.0	156.0	164.0	156.0	156.0	158.0	159.0	161.0	163.0	
t10k_scan_select3	165.0	157.0	160.0	163.0	167.0	163.0	164.0	159.0	163.0	164.0	
t10k_scan_select4	161.0	163.0	163.0	160.0	162.0	159.0	163.0	163.0	161.0	155.0	
t50k_scan_select1	813.0	760.0	758.0	759.0	758.0	757.0	753.0	758.0	749.0	755.0	
t50k_scan_select2	757.0	748.0	758.0	756.0	754.0	756.0	746.0	759.0	752.0	755.0	
t50k_scan_select3	756.0	753.0	757.0	762.0	759.0	757.0	753.0	758.0	752.0	757.0	
t50k_scan_select4	763.0	750.0	755.0	761.0	758.0	761.0	761.0	753.0	764.0	758.0	
t100k_scan_select1	1533.0	1501.0	1501.0	1500.0	1505.0	1504.0	1495.0	1497.0	1502.0	1507.0	
t100k_scan_select2	1485.0	1497.0	1489.0	1497.0	1500.0	1489.0	1495.0	1495.0	1486.0	1495.0	
t100k_scan_select3	1500.0	1498.0	1493.0	1499.0	1501.0	1498.0	1510.0	1499.0	1491.0	1501.0	
t100k_scan_select4	1497.0	1503.0	1495.0	1494.0	1490.0	1492.0	1500.0	1498.0	1499.0	1505.0	
t100k_scan_select5	1514.0	1523.0	1525.0	1527.0	1522.0	1526.0	1528.0	1516.0	1524.0	1538.0	
t200k_scan_select1	3049.0	3025.0	3034.0	3021.0	3028.0	3019.0	3027.0	3029.0	3028.0	3013.0	
t200k_scan_select2	3015.0	3014.0	3009.0	3005.0	3001.0	3021.0	3017.0	3006.0	3009.0	3013.0	
t200k_scan_select3	3021.0	3044.0	3025.0	3021.0	3028.0	3024.0	3022.0	3033.0	3019.0	3017.0	
t200k_scan_select4	3025.0	3023.0	3025.0	3027.0	3023.0	3029.0	3018.0	3021.0	3015.0	3039.0	
t200k_scan_select5	3066.0	3076.0	3073.0	3075.0	3068.0	3073.0	3070.0	3074.0	3081.0	3073.0	
t300k_scan_select1	4609.0	4550.0	4559.0	4571.0	4560.0	4569.0	4551.0	4653.0	4549.0	4557.0	
t300k_scan_select2	4543.0	4530.0	4571.0	4531.0	4632.0	4539.0	4549.0	4535.0	4540.0	4529.0	
t300k_scan_select3	4559.0	4543.0	4545.0	4546.0	4553.0	4552.0	4549.0	4547.0	4547.0	4548.0	
t300k_scan_select4	4565.0	4546.0	4546.0	4550.0	4547.0	4543.0	4548.0	4573.0	4551.0	4550.0	
t300k_scan_select5	4621.0	4623.0	4637.0	4614.0	4626.0	4630.0	4622.0	4621.0	4620.0	4643.0	
t400k_scan_select1	6422.0	6082.0	6077.0	6080.0	6097.0	6089.0	6085.0	6085.0	6077.0	6089.0	
t400k_scan_select2	6061.0	6040.0	6063.0	6078.0	6061.0	6059.0	6049.0	6050.0	6049.0	6046.0	
t400k_scan_select3	6063.0	6066.0	6079.0	6076.0	6082.0	6074.0	6066.0	6062.0	6072.0	6072.0	
t400k_scan_select4	6086.0	6112.0	6075.0	6085.0	6085.0	6069.0	6082.0	6078.0	6100.0	6088.0	
t400k_scan_select5	6181.0	6180.0	6257.0	6177.0	6181.0	6172.0	6187.0	6178.0	6173.0	6171.0	
t500k_scan_select1	8319.0	7639.0	7609.0	7665.0	7601.0	7620.0	7599.0	7609.0	7653.0	7620.0	
t500k_scan_select2	7567.0	7570.0	7598.0	7564.0	7585.0	7568.0	7573.0	7568.0	7581.0	7577.0	
t500k_scan_select3	7601.0	7613.0	7602.0	7599.0	7603.0	7592.0	7615.0	7614.0	7594.0	7596.0	
t500k_scan_select4	7604.0	7598.0	7607.0	7605.0	7599.0	7641.0	7611.0	7602.0	7604.0	7606.0	
t500k_scan_select5	7720.0	7728.0	7718.0	7727.0	7747.0	7717.0	7722.0	7727.0	7729.0	7726.0	
t600k_scan_select1	9169.0	9135.0	9142.0	9157.0	9159.0	9131.0	9141.0	9138.0	9129.0	9123.0	
t600k_scan_select2	9126.0	9060.0	9118.0	9080.0	9099.0	9086.0	9101.0	9093.0	9094.0	9111.0	
t600k_scan_select3	9111.0	9122.0	9290.0	9120.0	9105.0	9137.0	9187.0	9113.0	9115.0	9142.0	
t600k_scan_select4	9137.0	9132.0	9144.0	9120.0	9130.0	9131.0	9135.0	9119.0	9132.0	9090.0	
t600k_scan_select5	9301.0	9280.0	9264.0	9271.0	9267.0	9280.0	9297.0	9281.0	9271.0	9279.0	
t700k_scan_select1	10666.0	10658.0	10651.0	10656.0	10689.0	10674.0	10661.0	10701.0	10666.0	10651.0	
t700k_scan_select2	10602.0	10599.0	10610.0	10604.0	10622.0	10603.0	10620.0	10615.0	10636.0	10626.0	
t700k_scan_select3	10667.0	10647.0	10622.0	10633.0	10638.0	10663.0	10649.0	10631.0	10645.0	10738.0	
t700k_scan_select4	10662.0	10642.0	10728.0	10694.0	10655.0	10648.0	10651.0	10654.0	10651.0	10660.0	
t700k_scan_select5	10826.0	10812.0	10824.0	10831.0	10863.0	10824.0	10811.0	10817.0	10863.0	10825.0	
t800k_scan_select1	12200.0	12187.0	12194.0	12202.0	12191.0	12232.0	12276.0	12190.0	12190.0	12186.0	
t800k_scan_select2	12166.0	12118.0	12110.0	12132.0	12163.0	12117.0	12122.0	12117.0	12126.0	12149.0	
t800k_scan_select3	12166.0	12128.0	12160.0	12211.0	12160.0	12174.0	12154.0	12186.0	12149.0	12172.0	
t800k_scan_select4	12176.0	12170.0	12186.0	12261.0	12169.0	12178.0	12227.0	12185.0	12151.0	12159.0	
t800k_scan_select5	12346.0	12365.0	12468.0	12363.0	12384.0	12362.0	12382.0	12366.0	12382.0	12365.0	
t900k_scan_select1	13717.0	13691.0	13716.0	13721.0	13759.0	13713.0	13705.0	13718.0	13718.0	13760.0	
t900k_scan_select2	13671.0	13653.0	13632.0	13641.0	13693.0	13647.0	13644.0	13662.0	13631.0	13693.0	
t900k_scan_select3	13710.0	13672.0	13732.0	13703.0	13683.0	13681.0	13687.0	13733.0	13692.0	13691.0	
t900k_scan_select4	13751.0	13734.0	13707.0	13716.0	13716.0	13741.0	13704.0	13715.0	13719.0	13702.0	
t900k_scan_select5	13933.0	13900.0	13932.0	13911.0	13936.0	13893.0	13922.0	13923.0	13918.0	13927.0	
t1000k_scan_select1	15479.0	15322.0	15250.0	15304.0	15253.0	15167.0	15246.0	15252.0	15242.0	15573.0	
t1000k_scan_select2	15156.0	15192.0	15150.0	15219.0	15169.0	15182.0	15168.0	15159.0	15171.0	15157.0	
t1000k_scan_select3	15216.0	15166.0	15263.0	15221.0	15219.0	15221.0	15231.0	15224.0	15242.0	15217.0	
t1000k_scan_select4	15255.0	15227.0	15232.0	15248.0	15265.0	15272.0	15262.0	15260.0	15246.0	15279.0	
t1000k_scan_select5	15461.0	15461.0	15442.0	15451.0	15462.0	15480.0	15440.0	15558.0	15454.0	15482.0	
t1_scan_project1	30.0	11.0	13.0	10.0	12.0	9.0	16.0	12.0	9.0	12.0	
t1_scan_project3	10.0	16.0	11.0	13.0	15.0	10.0	16.0	13.0	17.0	11.0	
t1_scan_project6	10.0	16.0	11.0	12.0	10.0	16.0	12.0	10.0	13.0	13.0	
t1_scan_project9	16.0	10.0	12.0	10.0	12.0	16.0	10.0	16.0	16.0	16.0	
t1_scan_project12	16.0	16.0	10.0	12.0	10.0	12.0	10.0	12.0	13.0	16.0	
t100_scan_project1	64.0	10.0	12.0	10.0	12.0	10.0	12.0	10.0	12.0	10.0	
t100_scan_project3	23.0	13.0	10.0	12.0	10.0	12.0	10.0	12.0	13.0	10.0	
t100_scan_project6	32.0	11.0	17.0	18.0	10.0	17.0	17.0	18.0	10.0	12.0	
t100_scan_project9	19.0	18.0	11.0	18.0	19.0	11.0	18.0	11.0	13.0	14.0	
t1_scan_project1	9.0	16.0	10.0	12.0	10.0	12.0	9.0	12.0	9.0	16.0	
t1_scan_project3	12.0	9.0	12.0	9.0	16.0	12.0	9.0	12.0	9.0	12.0	
t1_scan_project6	10.0	11.0	10.0	12.0	13.0	16.0	10.0	12.0	16.0	10.0	
t1_scan_project9	12.0	10.0	12.0	13.0	15.0	16.0	16.0	10.0	16.0	12.0	
t1_scan_project12	13.0	16.0	16.0	10.0	12.0	13.0	10.0	12.0	10.0	12.0	
t100_scan_project1	13.0	10.0	12.0	16.0	10.0	12.0	10.0	12.0	16.0	13.0	
t100_scan_project3	17.0	10.0	12.0	13.0	10.0	16.0	16.0	16.0	11.0	13.0	
t100_scan_project6	17.0	13.0	18.0	13.0	10.0	12.0	14.0	10.0	17.0	17.0	
t100_scan_project9	11.0	18.0	18.0	11.0	18.0	11.0	13.0	14.0	18.0	13.0	
t100_scan_project12	15.0	15.0	12.0	13.0	20.0	12.0	18.0	12.0	20.0	12.0	
t1k_scan_project1	61.0	14.0	15.0	12.0	20.0	12.0	20.0	12.0	13.0	14.0	
t1k_scan_project3	26.0	26.0	17.0	25.0	26.0	16.0	16.0	25.0	16.0	26.0	
t1k_scan_project6	20.0	23.0	19.0	21.0	32.0	33.0	23.0	24.0	19.0	21.0	
t1k_scan_project9	36.0	31.0	38.0	32.0	28.0	37.0	32.0	27.0	24.0	38.0	
t1k_scan_project12	32.0	46.0	33.0	37.0	47.0	33.0	36.0	39.0	40.0	37.0	
t10k_scan_project1	111.0	42.0	52.0	45.0	45.0	37.0	44.0	41.0	35.0	43.0	
t10k_scan_project3	79.0	69.0	77.0	79.0	77.0	72.0	70.0	72.0	77.0	76.0	
t10k_scan_project6	170.0	116.0	116.0	116.0	116.0	115.0	115.0	116.0	107.0	115.0	
t10k_scan_project9	156.0	160.0	158.0	158.0	148.0	150.0	157.0	156.0	147.0	151.0	
t10k_scan_project12	238.0	228.0	240.0	233.0	230.0	237.0	241.0	238.0	237.0	228.0	
t50k_scan_project1	151.0	156.0	148.0	154.0	147.0	151.0	156.0	156.0	156.0	156.0	
t50k_scan_project3	338.0	332.0	338.0	337.0	334.0	337.0	336.0	333.0	331.0	338.0	
t50k_scan_project6	528.0	532.0	528.0	523.0	528.0	523.0	530.0	524.0	520.0	530.0	
t50k_scan_project9	736.0	728.0	731.0	736.0	733.0	734.0	736.0	735.0	735.0	734.0	
t50k_scan_project12	1140.0	1129.0	1136.0	1132.0	1139.0	1135.0	1135.0	1144.0	1137.0	1131.0	
t100k_scan_project1	298.0	290.0	291.0	286.0	288.0	296.0	296.0	296.0	295.0	297.0	
t100k_scan_project3	667.0	675.0	655.0	663.0	666.0	660.0	665.0	661.0	665.0	671.0	
t100k_scan_project6	1047.0	1048.0	1047.0	1051.0	1049.0	1051.0	1048.0	1046.0	1047.0	1044.0	
t100k_scan_project9	1445.0	1455.0	1472.0	1450.0	1452.0	1456.0	1453.0	1450.0	1445.0	1444.0	
t100k_scan_project12	2257.0	2263.0	2260.0	2270.0	2260.0	2257.0	2253.0	2258.0	2257.0	2268.0	
t200k_scan_project1	613.0	613.0	615.0	611.0	604.0	615.0	613.0	616.0	615.0	616.0	
t200k_scan_project3	1377.0	1376.0	1366.0	1378.0	1376.0	1378.0	1370.0	1367.0	1375.0	1389.0	
t200k_scan_project6	2139.0	2134.0	2150.0	2130.0	2142.0	2133.0	2131.0	2133.0	2147.0	2142.0	
t200k_scan_project9	2947.0	2950.0	2950.0	2955.0	2954.0	2939.0	2954.0	2950.0	2969.0	2949.0	
t200k_scan_project12	4575.0	4572.0	4572.0	4582.0	4571.0	4550.0	4572.0	4567.0	4569.0	4575.0	
t300k_scan_project1	914.0	911.0	911.0	920.0	917.0	917.0	912.0	918.0	917.0	913.0	
t300k_scan_project3	2071.0	2093.0	2086.0	2084.0	2075.0	2077.0	2090.0	2087.0	2081.0	2083.0	
t300k_scan_project6	3250.0	3223.0	3226.0	3240.0	3227.0	3241.0	3242.0	3227.0	3238.0	3225.0	
t300k_scan_project9	4446.0	4461.0	4448.0	4444.0	4441.0	4440.0	4449.0	4437.0	4444.0	4444.0	
t300k_scan_project12	6882.0	6883.0	6869.0	6892.0	6884.0	6883.0	6879.0	6871.0	6881.0	6871.0	
t400k_scan_project1	1209.0	1216.0	1220.0	1218.0	1211.0	1211.0	1220.0	1209.0	1224.0	1213.0	
t400k_scan_project3	2794.0	2789.0	2798.0	2778.0	2781.0	2782.0	2795.0	2780.0	2782.0	2770.0	
t400k_scan_project6	4323.0	4322.0	4317.0	4353.0	4320.0	4326.0	4318.0	4319.0	4339.0	4321.0	
t400k_scan_project9	5953.0	5944.0	5934.0	5948.0	5933.0	5935.0	5956.0	5945.0	5958.0	5940.0	
t400k_scan_project12	9189.0	9146.0	9178.0	9204.0	9174.0	9183.0	9175.0	9179.0	9184.0	9180.0	
t500k_scan_project1	1514.0	1510.0	1520.0	1520.0	1522.0	1511.0	1518.0	1527.0	1522.0	1514.0	
t500k_scan_project3	3494.0	3482.0	3487.0	3485.0	3480.0	3505.0	3493.0	3478.0	3486.0	3487.0	
t500k_scan_project6	5425.0	5437.0	5425.0	5419.0	5429.0	5410.0	5415.0	5415.0	5420.0	5414.0	
t500k_scan_project9	7433.0	7429.0	7442.0	7449.0	7432.0	7431.0	7483.0	7441.0	7436.0	7434.0	
t500k_scan_project12	11528.0	11488.0	11491.0	11486.0	11481.0	11525.0	11561.0	11494.0	11591.0	11498.0	
t600k_scan_project1	1816.0	1823.0	1822.0	1814.0	1821.0	1814.0	1822.0	1813.0	1813.0	1823.0	
t600k_scan_project3	4189.0	4199.0	4193.0	4215.0	4191.0	4187.0	4200.0	4210.0	4198.0	4193.0	
t600k_scan_project6	6502.0	6504.0	6501.0	6511.0	6504.0	6517.0	6498.0	6506.0	6501.0	6524.0	
t600k_scan_project9	8942.0	8937.0	8945.0	8940.0	8944.0	8931.0	8944.0	8930.0	8934.0	8963.0	
t600k_scan_project12	13840.0	13794.0	13794.0	13819.0	13793.0	13828.0	13797.0	13786.0	13783.0	13798.0	
t700k_scan_project1	2125.0	2115.0	2119.0	2124.0	2135.0	2128.0	2122.0	2124.0	2120.0	2130.0	
t700k_scan_project3	4900.0	4896.0	4903.0	4913.0	4906.0	4913.0	4897.0	4899.0	4906.0	4900.0	
t700k_scan_project6	7602.0	7599.0	7608.0	7643.0	7614.0	7599.0	7618.0	7614.0	7614.0	7607.0	
t700k_scan_project9	10423.0	10425.0	10412.0	10450.0	10431.0	10436.0	10431.0	10441.0	10438.0	10478.0	
t700k_scan_project12	16036.0	16117.0	16154.0	16096.0	16067.0	16149.0	16106.0	16084.0	16112.0	16115.0	
t800k_scan_project1	2440.0	2427.0	2424.0	2421.0	2420.0	2427.0	2413.0	2421.0	2424.0	2426.0	
t800k_scan_project3	5604.0	5607.0	5605.0	5594.0	5604.0	5609.0	5607.0	5595.0	5609.0	5606.0	
t800k_scan_project6	8708.0	8683.0	8716.0	8715.0	8656.0	8695.0	8690.0	8710.0	8712.0	8707.0	
t800k_scan_project9	11911.0	11937.0	11935.0	11949.0	11915.0	11944.0	11932.0	11941.0	11896.0	11924.0	
t800k_scan_project12	18437.0	18394.0	18418.0	18448.0	18462.0	18401.0	18392.0	18414.0	18381.0	18381.0	
t900k_scan_project1	2722.0	2719.0	2724.0	2727.0	2718.0	2728.0	2736.0	2732.0	2729.0	2744.0	
t900k_scan_project3	6330.0	6316.0	6339.0	6310.0	6316.0	6310.0	6314.0	6315.0	6320.0	6320.0	
t900k_scan_project6	9825.0	9782.0	9797.0	9797.0	9786.0	9787.0	9803.0	9795.0	9777.0	9796.0	
t900k_scan_project9	13431.0	13413.0	13445.0	13421.0	13430.0	13422.0	13422.0	13411.0	13419.0	13424.0	
t900k_scan_project12	20740.0	20775.0	20741.0	20716.0	20734.0	20721.0	20703.0	20697.0	20706.0	20735.0	
t1000k_scan_project1	3031.0	3024.0	3053.0	3014.0	3027.0	3026.0	3025.0	3020.0	3026.0	3031.0	
t1000k_scan_project3	7018.0	7024.0	7013.0	7001.0	7019.0	7028.0	7012.0	7044.0	7025.0	7010.0	
t1000k_scan_project6	10850.0	10857.0	10867.0	10881.0	10882.0	10875.0	10864.0	10859.0	10868.0	10854.0	
t1000k_scan_project9	14912.0	14954.0	14930.0	14932.0	14923.0	14924.0	14876.0	14895.0	14907.0	14929.0	
t1000k_scan_project12	23002.0	23027.0	23026.0	22896.0	23011.0	22969.0	23000.0	23012.0	23042.0	23141.0	
t1_scan_project1	10.0	13.0	16.0	16.0	9.0	16.0	12.0	9.0	12.0	9.0	
t1_scan_project3	16.0	16.0	12.0	18.0	16.0	10.0	13.0	9.0	16.0	16.0	
t1_scan_project6	16.0	16.0	16.0	21.0	13.0	10.0	12.0	10.0	16.0	12.0	
t1_scan_project9	13.0	10.0	12.0	10.0	16.0	12.0	13.0	10.0	12.0	10.0	
t1_scan_project12	16.0	12.0	10.0	12.0	10.0	12.0	13.0	10.0	12.0	10.0	
t100_scan_project1	11.0	9.0	12.0	16.0	10.0	12.0	10.0	12.0	9.0	12.0	
t100_scan_project3	10.0	12.0	13.0	10.0	12.0	16.0	13.0	10.0	17.0	17.0	
t100_scan_project6	11.0	13.0	10.0	12.0	14.0	17.0	13.0	10.0	17.0	17.0	
t100_scan_project9	11.0	18.0	18.0	14.0	11.0	13.0	14.0	11.0	19.0	11.0	
t100_scan_project12	13.0	14.0	15.0	15.0	15.0	12.0	17.0	20.0	14.0	15.0	
t1k_scan_project1	12.0	20.0	15.0	12.0	13.0	15.0	14.0	15.0	15.0	12.0	
t1k_scan_project3	26.0	26.0	26.0	25.0	26.0	15.0	26.0	15.0	26.0	25.0	
t1k_scan_project6	32.0	33.0	24.0	24.0	19.0	21.0	19.0	33.0	19.0	24.0	
t1k_scan_project9	23.0	23.0	37.0	23.0	29.0	23.0	37.0	23.0	37.0	23.0	
t1k_scan_project12	37.0	32.0	46.0	33.0	39.0	32.0	33.0	37.0	34.0	39.0	
t10k_scan_project1	45.0	44.0	45.0	45.0	37.0	44.0	45.0	45.0	37.0	45.0	
t10k_scan_project3	79.0	77.0	72.0	78.0	81.0	78.0	77.0	69.0	71.0	69.0	
t10k_scan_project6	115.0	118.0	117.0	116.0	116.0	116.0	115.0	115.0	112.0	117.0	
t10k_scan_project9	161.0	150.0	148.0	160.0	152.0	151.0	158.0	148.0	147.0	150.0	
t10k_scan_project12	237.0	240.0	240.0	228.0	228.0	238.0	237.0	228.0	231.0	237.0	
t50k_scan_project1	159.0	157.0	157.0	156.0	156.0	156.0	156.0	156.0	147.0	155.0	
t50k_scan_project3	336.0	334.0	337.0	339.0	338.0	337.0	328.0	332.0	338.0	340.0	
t50k_scan_project6	530.0	523.0	519.0	534.0	523.0	527.0	523.0	525.0	519.0	532.0	
t50k_scan_project9	733.0	733.0	730.0	737.0	728.0	737.0	735.0	735.0	735.0	737.0	
t50k_scan_project12	1142.0	1134.0	1133.0	1137.0	1144.0	1139.0	1136.0	1140.0	1140.0	1141.0	
t100k_scan_project1	293.0	290.0	297.0	289.0	290.0	290.0	297.0	295.0	295.0	296.0	
t100k_scan_project3	665.0	665.0	663.0	664.0	667.0	673.0	661.0	666.0	673.0	668.0	
t100k_scan_project6	1045.0	1046.0	1056.0	1050.0	1049.0	1040.0	1040.0	1043.0	1050.0	1050.0	
t100k_scan_project9	1448.0	1464.0	1456.0	1448.0	1457.0	1455.0	1453.0	1454.0	1456.0	1461.0	
t100k_scan_project12	2251.0	2260.0	2257.0	2251.0	2282.0	2262.0	2251.0	2252.0	2255.0	2267.0	
t200k_scan_project1	614.0	615.0	615.0	611.0	613.0	614.0	614.0	611.0	612.0	613.0	
t200k_scan_project3	1377.0	1378.0	1369.0	1372.0	1377.0	1377.0	1369.0	1377.0	1375.0	1375.0	
t200k_scan_project6	2148.0	2134.0	2149.0	2134.0	2136.0	2136.0	2136.0	2136.0	2143.0	2143.0	
t200k_scan_project9	2944.0	2954.0	2952.0	2958.0	2955.0	2962.0	2958.0	2951.0	2958.0	2954.0	
t200k_scan_project12	4569.0	4568.0	4573.0	4582.0	4573.0	4571.0	4574.0	4579.0	4560.0	4584.0	
t300k_scan_project1	922.0	913.0	917.0	914.0	923.0	918.0	916.0	910.0	918.0	917.0	
t300k_scan_project3	2077.0	2076.0	2077.0	2080.0	2081.0	2081.0	2078.0	2075.0	2077.0	2078.0	
t300k_scan_project6	3224.0	3248.0	3233.0	3236.0	3227.0	3233.0	3239.0	3242.0	3231.0	3221.0	
t300k_scan_project9	4452.0	4435.0	4449.0	4452.0	4468.0	4448.0	4456.0	4449.0	4455.0	4442.0	
t300k_scan_project12	6931.0	6880.0	6867.0	6873.0	6876.0	6872.0	6888.0	6884.0	6875.0	6875.0	
t400k_scan_project1	1219.0	1217.0	1216.0	1214.0	1210.0	1216.0	1221.0	1217.0	1214.0	1224.0	
t400k_scan_project3	2779.0	2785.0	2783.0	2780.0	2787.0	2780.0	2787.0	2789.0	2788.0	2781.0	
t400k_scan_project6	4322.0	4326.0	4312.0	4317.0	4351.0	4324.0	4334.0	4325.0	4325.0	4329.0	
t400k_scan_project9	5950.0	5935.0	5948.0	5929.0	5956.0	5942.0	5956.0	5953.0	5950.0	5945.0	
t400k_scan_project12	9171.0	9190.0	9179.0	9199.0	9190.0	9187.0	9184.0	9344.0	9182.0	9178.0	
t500k_scan_project1	1516.0	1515.0	1519.0	1524.0	1513.0	1515.0	1527.0	1514.0	1516.0	1510.0	
t500k_scan_project3	3499.0	3480.0	3484.0	3486.0	3483.0	3491.0	3490.0	3484.0	3505.0	3495.0	
t500k_scan_project6	5417.0	5415.0	5415.0	5427.0	5445.0	5414.0	5418.0	5410.0	5407.0	5418.0	
t500k_scan_project9	7430.0	7450.0	7438.0	7426.0	7456.0	7467.0	7413.0	7444.0	7450.0	7467.0	
t500k_scan_project12	11490.0	11526.0	11496.0	11508.0	11479.0	11490.0	11490.0	11513.0	11481.0	11498.0	
t600k_scan_project1	1820.0	1817.0	1816.0	1824.0	1828.0	1813.0	1816.0	1815.0	1812.0	1817.0	
t600k_scan_project3	4187.0	4193.0	4197.0	4197.0	4192.0	4188.0	4193.0	4199.0	4223.0	4192.0	
t600k_scan_project6	6511.0	6517.0	6516.0	6626.0	6507.0	6505.0	6515.0	6518.0	6537.0	6556.0	
t600k_scan_project9	8935.0	8951.0	8930.0	8931.0	8971.0	8919.0	8916.0	8931.0	8941.0	8952.0	
t600k_scan_project12	13785.0	13780.0	13774.0	13816.0	13796.0	13800.0	13892.0	13781.0	13818.0	13793.0	
t700k_scan_project1	2121.0	2127.0	2114.0	2120.0	2111.0	2175.0	2117.0	2114.0	2126.0	2126.0	
t700k_scan_project3	4906.0	4903.0	4935.0	4906.0	4885.0	4905.0	4879.0	4906.0	4885.0	4902.0	
t700k_scan_project6	7606.0	7590.0	7605.0	7604.0	7591.0	7652.0	7595.0	7595.0	7641.0	7590.0	
t700k_scan_project9	10463.0	10448.0	10432.0	10418.0	10428.0	10627.0	10501.0	10465.0	10429.0	10624.0	
t700k_scan_project12	16081.0	16124.0	16133.0	16096.0	16109.0	16110.0	16107.0	16263.0	16069.0	16127.0	
t800k_scan_project1	2426.0	2425.0	2423.0	2415.0	2440.0	2426.0	2425.0	2423.0	2424.0	2421.0	
t800k_scan_project3	5587.0	5608.0	5603.0	5607.0	5619.0	5592.0	5613.0	5594.0	5587.0	5605.0	
t800k_scan_project6	8686.0	8693.0	8727.0	8703.0	8679.0	8687.0	8704.0	8743.0	8687.0	8716.0	
t800k_scan_project9	11926.0	11940.0	11996.0	11972.0	11950.0	11914.0	11921.0	11926.0	11924.0	11965.0	
t800k_scan_project12	18422.0	18398.0	18421.0	18440.0	18387.0	18346.0	18401.0	18404.0	18474.0	18447.0	
t900k_scan_project1	2737.0	2709.0	2721.0	2732.0	2735.0	2720.0	2728.0	2731.0	2719.0	2726.0	
t900k_scan_project3	6308.0	6303.0	6346.0	6309.0	6303.0	6326.0	6321.0	6327.0	6323.0	6311.0	
t900k_scan_project6	9781.0	9790.0	9784.0	9815.0	9842.0	9839.0	9828.0	9829.0	9824.0	9834.0	
t900k_scan_project9	13425.0	13417.0	13466.0	13426.0	13431.0	13458.0	13434.0	13418.0	13430.0	13413.0	
t900k_scan_project12	20741.0	20761.0	20774.0	20739.0	20701.0	20728.0	20696.0	20698.0	20737.0	20705.0	
t1000k_scan_project1	3024.0	3038.0	3022.0	3022.0	3038.0	3028.0	3019.0	3037.0	3035.0	3022.0	
t1000k_scan_project3	7021.0	7035.0	7014.0	7039.0	7013.0	7011.0	7001.0	7017.0	7018.0	7012.0	
t1000k_scan_project6	10882.0	10846.0	10868.0	10904.0	10875.0	10861.0	10860.0	10862.0	10867.0	10866.0	
t1000k_scan_project9	14916.0	14914.0	14926.0	14918.0	14904.0	14858.0	14965.0	14923.0	14931.0	14911.0	
t1000k_scan_project12	23057.0	23047.0	23042.0	22991.0	22893.0	23070.0	23061.0	23036.0	23051.0	23188.0	
t1_scan_sort1	110.0	10.0	17.0	17.0	11.0	17.0	12.0	13.0	17.0	10.0	
t1_scan_sort3	12.0	13.0	17.0	13.0	17.0	14.0	10.0	12.0	10.0	12.0	
t1_scan_sort6	13.0	17.0	13.0	10.0	12.0	10.0	12.0	13.0	10.0	12.0	
t1_scan_sort9	13.0	17.0	10.0	17.0	17.0	17.0	17.0	13.0	10.0	12.0	
t1_scan_sort12	24.0	11.0	13.0	13.0	11.0	12.0	14.0	14.0	11.0	13.0	
t100_scan_sort1	13.0	13.0	14.0	15.0	22.0	13.0	22.0	15.0	15.0	22.0	
t100_scan_sort3	13.0	22.0	22.0	16.0	16.0	22.0	13.0	22.0	15.0	16.0	
t100_scan_sort6	15.0	15.0	22.0	13.0	14.0	22.0	16.0	16.0	16.0	15.0	
t100_scan_sort9	15.0	22.0	13.0	22.0	22.0	16.0	16.0	16.0	15.0	15.0	
t100_scan_sort12	16.0	15.0	15.0	16.0	15.0	15.0	15.0	23.0	16.0	16.0	
t1k_scan_sort1	49.0	47.0	47.0	51.0	48.0	48.0	42.0	42.0	49.0	42.0	
t1k_scan_sort3	42.0	44.0	47.0	44.0	47.0	43.0	39.0	43.0	47.0	43.0	
t1k_scan_sort6	47.0	42.0	48.0	56.0	46.0	51.0	48.0	47.0	42.0	48.0	
t1k_scan_sort9	42.0	48.0	56.0	41.0	49.0	41.0	46.0	49.0	47.0	51.0	
t1k_scan_sort12	48.0	44.0	48.0	45.0	47.0	43.0	40.0	51.0	48.0	43.0	
t10k_scan_sort1	376.0	326.0	325.0	326.0	330.0	328.0	327.0	326.0	326.0	322.0	
t10k_scan_sort3	345.0	319.0	321.0	328.0	326.0	319.0	321.0	319.0	321.0	327.0	
t10k_scan_sort6	331.0	330.0	318.0	323.0	326.0	327.0	322.0	324.0	328.0	331.0	
t10k_scan_sort9	342.0	321.0	328.0	327.0	321.0	328.0	326.0	322.0	327.0	332.0	
t10k_scan_sort12	328.0	318.0	322.0	319.0	336.0	330.0	328.0	322.0	328.0	323.0	
t50k_scan_sort1	1625.0	1628.0	1629.0	1633.0	1625.0	1624.0	1633.0	1639.0	1626.0	1630.0	
t50k_scan_sort3	1635.0	1628.0	1631.0	1621.0	1630.0	1620.0	1632.0	1628.0	1644.0	1638.0	
t50k_scan_sort6	1622.0	1627.0	1617.0	1637.0	1622.0	1620.0	1624.0	1620.0	1625.0	1627.0	
t50k_scan_sort9	1625.0	1617.0	1624.0	1626.0	1621.0	1628.0	1628.0	1637.0	1615.0	1632.0	
t50k_scan_sort12	1627.0	1627.0	1618.0	1628.0	1630.0	1629.0	1632.0	1630.0	1620.0	1628.0	
t100k_scan_sort1	3303.0	3278.0	3280.0	3290.0	3284.0	3279.0	3284.0	3283.0	3281.0	3293.0	
t100k_scan_sort3	3290.0	3285.0	3282.0	3277.0	3297.0	3283.0	3276.0	3288.0	3277.0	3286.0	
t100k_scan_sort6	3287.0	3284.0	3279.0	3285.0	3289.0	3286.0	3289.0	3280.0	3274.0	3284.0	
t100k_scan_sort9	3281.0	3276.0	3289.0	3276.0	3282.0	3275.0	3277.0	3275.0	3283.0	3274.0	
t100k_scan_sort12	3284.0	3287.0	3293.0	3278.0	3281.0	3287.0	3281.0	3284.0	3282.0	3289.0	
t200k_scan_sort1	6746.0	6731.0	6755.0	6751.0	6760.0	6757.0	6750.0	6753.0	6752.0	6745.0	
t200k_scan_sort3	6775.0	6744.0	6752.0	6753.0	6737.0	6755.0	6757.0	6763.0	6762.0	6759.0	
t200k_scan_sort6	6751.0	6767.0	6758.0	6745.0	6764.0	6795.0	6773.0	6748.0	6756.0	6760.0	
t200k_scan_sort9	6759.0	6771.0	6749.0	6744.0	6746.0	6763.0	6738.0	6751.0	6770.0	6739.0	
t200k_scan_sort12	6754.0	6753.0	6746.0	6747.0	6753.0	6758.0	6760.0	6766.0	6745.0	6753.0	
t300k_scan_sort1	10250.0	10418.0	10234.0	11355.0	10256.0	10257.0	10882.0	10273.0	10250.0	10236.0	
t300k_scan_sort3	10269.0	10258.0	10280.0	10252.0	10258.0	11111.0	10274.0	10253.0	10283.0	10229.0	
t300k_scan_sort6	11262.0	10259.0	10258.0	10310.0	11028.0	10266.0	10302.0	10274.0	10252.0	10247.0	
t300k_scan_sort9	10279.0	10252.0	11494.0	10255.0	10251.0	10860.0	10256.0	10265.0	10249.0	10243.0	
t300k_scan_sort12	10260.0	10254.0	10260.0	10314.0	10270.0	10272.0	10276.0	10478.0	10252.0	10315.0	
t400k_scan_sort1	13822.0	13786.0	13809.0	13767.0	13784.0	13761.0	13819.0	13742.0	13750.0	13888.0	
t400k_scan_sort3	13754.0	13761.0	13752.0	16743.0	13773.0	13786.0	13793.0	13763.0	17018.0	13758.0	
t400k_scan_sort6	13775.0	13816.0	13812.0	16676.0	13763.0	13775.0	13788.0	13776.0	14039.0	13769.0	
t400k_scan_sort9	13816.0	13770.0	13812.0	13775.0	13768.0	14786.0	13771.0	16031.0	13763.0	15405.0	
t400k_scan_sort12	13775.0	13818.0	13807.0	13784.0	13814.0	13799.0	13769.0	14088.0	13785.0	13779.0	
t500k_scan_sort1	19936.0	19471.0	19619.0	19461.0	19441.0	19485.0	19581.0	19494.0	19470.0	19423.0	
t500k_scan_sort3	19526.0	19534.0	19499.0	19486.0	19529.0	19461.0	19474.0	19515.0	19448.0	19482.0	
t500k_scan_sort6	19493.0	19469.0	21344.0	19998.0	19476.0	20286.0	19767.0	19869.0	19780.0	19614.0	
t500k_scan_sort9	19489.0	19723.0	19509.0	19491.0	20457.0	19471.0	19459.0	20470.0	19468.0	19455.0	
t500k_scan_sort12	20431.0	19999.0	19505.0	19880.0	19490.0	19473.0	20391.0	19488.0	19433.0	20527.0	
t600k_scan_sort1	25525.0	25375.0	25490.0	25404.0	25438.0	25680.0	25297.0	25522.0	25317.0	25422.0	
t600k_scan_sort3	25495.0	25328.0	27012.0	25510.0	25495.0	25357.0	25399.0	25449.0	25543.0	24262.0	
t600k_scan_sort6	25416.0	25518.0	25415.0	25446.0	25378.0	25355.0	25445.0	25438.0	25409.0	25452.0	
t600k_scan_sort9	25412.0	25466.0	24501.0	25408.0	25469.0	25328.0	25391.0	25480.0	25498.0	25088.0	
t600k_scan_sort12	25525.0	25317.0	25778.0	25407.0	25392.0	25418.0	26076.0	25396.0	25465.0	25385.0	
t700k_scan_sort1	31638.0	30713.0	30754.0	30709.0	30960.0	30650.0	30784.0	30765.0	30761.0	30278.0	
t700k_scan_sort3	30106.0	30701.0	30744.0	30831.0	30802.0	30774.0	30800.0	29930.0	30435.0	32011.0	
t700k_scan_sort6	31024.0	31492.0	30560.0	30950.0	30701.0	30690.0	30900.0	30784.0	30846.0	30268.0	
t700k_scan_sort9	29589.0	30650.0	30680.0	30741.0	30675.0	30692.0	30845.0	30833.0	30818.0	30757.0	
t700k_scan_sort12	30898.0	30818.0	30320.0	30740.0	30729.0	30702.0	30875.0	30837.0	30544.0	30929.0	
t800k_scan_sort1	35394.0	36884.0	36927.0	36831.0	37019.0	36829.0	36863.0	36854.0	36865.0	35990.0	
t800k_scan_sort3	36356.0	36486.0	36180.0	36344.0	36292.0	36189.0	36244.0	36179.0	35914.0	36920.0	
t800k_scan_sort6	36923.0	36767.0	36366.0	36355.0	36291.0	36390.0	36224.0	35872.0	36849.0	36794.0	
t800k_scan_sort9	36901.0	36936.0	36741.0	36867.0	36909.0	36909.0	35685.0	36307.0	36219.0	36217.0	
t800k_scan_sort12	37225.0	37054.0	36919.0	36818.0	36960.0	36662.0	36191.0	36228.0	36297.0	36447.0	
t900k_scan_sort1	41069.0	42983.0	41402.0	43164.0	41138.0	42995.0	41113.0	42695.0	41189.0	43297.0	
t900k_scan_sort3	41158.0	43134.0	41145.0	40539.0	41200.0	43134.0	41188.0	42387.0	41214.0	43298.0	
t900k_scan_sort6	41048.0	43085.0	41125.0	43225.0	41153.0	43266.0	41143.0	43057.0	41019.0	43196.0	
t900k_scan_sort9	40991.0	43197.0	41156.0	43066.0	41276.0	43157.0	41016.0	43212.0	41087.0	41619.0	
t900k_scan_sort12	41174.0	43340.0	41083.0	43370.0	41268.0	43062.0	41095.0	43130.0	41267.0	43227.0	
t1000k_scan_sort1	47195.0	46900.0	47031.0	46889.0	47555.0	47290.0	46408.0	47000.0	47434.0	47224.0	
t1000k_scan_sort3	47522.0	47508.0	47029.0	47867.0	47911.0	47407.0	48165.0	47496.0	46236.0	47446.0	
t1000k_scan_sort6	47436.0	47487.0	47341.0	47389.0	47671.0	47529.0	47700.0	47388.0	48209.0	47755.0	
t1000k_scan_sort9	47575.0	48193.0	48175.0	47446.0	48172.0	48021.0	47478.0	47707.0	47632.0	47996.0	
t1000k_scan_sort12	47499.0	47965.0	47558.0	47520.0	47767.0	48010.0	47676.0	47596.0	47544.0	47623.0	
t1_scan_select_project_sort1	86.0	17.0	10.0	12.0	10.0	12.0	14.0	10.0	12.0	10.0	
t1_scan_select_project_sort3	31.0	14.0	10.0	13.0	14.0	17.0	13.0	10.0	12.0	10.0	
t1_scan_select_project_sort6	16.0	12.0	17.0	16.0	16.0	12.0	17.0	16.0	16.0	16.0	
t1_scan_select_project_sort1	10.0	17.0	10.0	17.0	12.0	10.0	12.0	10.0	12.0	10.0	
t1_scan_select_project_sort3	16.0	16.0	17.0	17.0	11.0	12.0	10.0	12.0	13.0	17.0	
t1_scan_select_project_sort6	14.0	10.0	13.0	14.0	10.0	13.0	12.0	11.0	11.0	12.0	
t1_scan_select_project_sort9	13.0	11.0	18.0	18.0	11.0	16.0	16.0	12.0	13.0	11.0	
t1_scan_select_project_sort12	19.0	18.0	14.0	11.0	13.0	14.0	11.0	17.0	12.0	14.0	
t100_scan_select_project_sort1	13.0	10.0	13.0	10.0	12.0	10.0	12.0	14.0	10.0	12.0	
t100_scan_select_project_sort3	10.0	17.0	18.0	11.0	12.0	14.0	11.0	13.0	14.0	18.0	
t100_scan_select_project_sort6	14.0	11.0	18.0	11.0	13.0	14.0	11.0	13.0	14.0	11.0	
t100_scan_select_project_sort9	19.0	11.0	13.0	14.0	11.0	12.0	14.0	15.0	11.0	13.0	
t100_scan_select_project_sort12	15.0	15.0	15.0	15.0	15.0	15.0	16.0	16.0	16.0	16.0	
t1k_scan_select_project_sort1	15.0	15.0	12.0	13.0	14.0	15.0	15.0	15.0	15.0	12.0	
t1k_scan_select_project_sort3	16.0	24.0	19.0	14.0	24.0	16.0	23.0	16.0	16.0	19.0	
t1k_scan_select_project_sort6	27.0	20.0	19.0	16.0	16.0	16.0	16.0	16.0	16.0	24.0	
t1k_scan_select_project_sort9	27.0	26.0	18.0	32.0	18.0	23.0	26.0	23.0	19.0	23.0	
t1k_scan_select_project_sort12	25.0	25.0	24.0	32.0	29.0	32.0	28.0	24.0	25.0	25.0	
t10k_scan_select_project_sort1	53.0	33.0	38.0	33.0	38.0	33.0	30.0	36.0	40.0	30.0	
t10k_scan_select_project_sort3	65.0	60.0	59.0	56.0	53.0	58.0	53.0	58.0	49.0	55.0	
t10k_scan_select_project_sort6	75.0	76.0	75.0	72.0	69.0	72.0	78.0	77.0	76.0	69.0	
t10k_scan_select_project_sort9	98.0	95.0	97.0	100.0	95.0	94.0	95.0	99.0	98.0	97.0	
t10k_scan_select_project_sort12	144.0	140.0	138.0	145.0	138.0	145.0	141.0	147.0	138.0	145.0	
t50k_scan_select_project_sort1	148.0	151.0	145.0	145.0	146.0	145.0	147.0	145.0	145.0	145.0	
t50k_scan_select_project_sort3	246.0	248.0	248.0	250.0	246.0	256.0	249.0	252.0	248.0	255.0	
t50k_scan_select_project_sort6	354.0	354.0	351.0	356.0	357.0	348.0	351.0	358.0	348.0	351.0	
t50k_scan_select_project_sort9	470.0	466.0	467.0	471.0	460.0	468.0	471.0	465.0	465.0	466.0	
t50k_scan_select_project_sort12	695.0	689.0	690.0	691.0	689.0	692.0	693.0	690.0	692.0	694.0	
t100k_scan_select_project_sort1	302.0	290.0	290.0	291.0	287.0	287.0	291.0	292.0	289.0	284.0	
t100k_scan_select_project_sort3	500.0	502.0	491.0	496.0	494.0	500.0	492.0	498.0	497.0	493.0	
t100k_scan_select_project_sort6	700.0	698.0	701.0	698.0	698.0	703.0	696.0	699.0	708.0	692.0	
t100k_scan_select_project_sort9	944.0	933.0	927.0	929.0	933.0	934.0	931.0	924.0	937.0	931.0	
t100k_scan_select_project_sort12	1382.0	1372.0	1379.0	1371.0	1368.0	1374.0	1378.0	1367.0	1363.0	1375.0	
t200k_scan_select_project_sort1	597.0	594.0	587.0	589.0	583.0	586.0	582.0	594.0	597.0	595.0	
t200k_scan_select_project_sort3	1036.0	1037.0	1025.0	1024.0	1036.0	1031.0	1028.0	1028.0	1029.0	1030.0	
t200k_scan_select_project_sort6	1455.0	1449.0	1486.0	1449.0	1438.0	1446.0	1442.0	1448.0	1436.0	1440.0	
t200k_scan_select_project_sort9	1927.0	1919.0	1918.0	1933.0	1926.0	1919.0	1925.0	1923.0	1922.0	1925.0	
t200k_scan_select_project_sort12	2811.0	2809.0	2816.0	2808.0	2807.0	2805.0	2806.0	2816.0	2807.0	2814.0	
t300k_scan_select_project_sort1	892.0	893.0	888.0	889.0	893.0	887.0	882.0	886.0	886.0	894.0	
t300k_scan_select_project_sort3	1887.0	1591.0	1583.0	1586.0	1594.0	1579.0	1578.0	1586.0	1585.0	1590.0	
t300k_scan_select_project_sort6	2209.0	2207.0	2212.0	2624.0	2213.0	2227.0	2223.0	2216.0	2212.0	2218.0	
t300k_scan_select_project_sort9	2923.0	2914.0	2925.0	2928.0	2929.0	2918.0	2928.0	2922.0	2934.0	2929.0	
t300k_scan_select_project_sort12	4273.0	4266.0	4276.0	4271.0	4270.0	4274.0	4255.0	4265.0	4265.0	4286.0	
t400k_scan_select_project_sort1	1237.0	1227.0	1225.0	1231.0	1229.0	1230.0	1231.0	1233.0	1228.0	1225.0	
t400k_scan_select_project_sort3	2147.0	2145.0	2153.0	2159.0	2135.0	2154.0	2144.0	2144.0	2150.0	2152.0	
t400k_scan_select_project_sort6	3013.0	2980.0	2996.0	2996.0	2993.0	3006.0	2990.0	2989.0	2997.0	2995.0	
t400k_scan_select_project_sort9	3951.0	3939.0	3945.0	3939.0	3941.0	3938.0	3953.0	3928.0	3944.0	3926.0	
t400k_scan_select_project_sort12	5756.0	5720.0	5730.0	5727.0	5749.0	5708.0	5705.0	5728.0	5730.0	5724.0	
t500k_scan_select_project_sort1	1566.0	1541.0	1556.0	1545.0	1547.0	1566.0	1554.0	1553.0	1548.0	1549.0	
t500k_scan_select_project_sort3	2709.0	2694.0	2696.0	2711.0	2693.0	2698.0	2695.0	2706.0	2702.0	2703.0	
t500k_scan_select_project_sort6	3765.0	3765.0	3776.0	3755.0	3774.0	3760.0	3772.0	3758.0	3762.0	3755.0	
t500k_scan_select_project_sort9	4971.0	4964.0	4962.0	4967.0	4967.0	4951.0	4971.0	4976.0	4957.0	4971.0	
t500k_scan_select_project_sort12	7208.0	7204.0	7195.0	7212.0	7212.0	7286.0	7202.0	7208.0	7199.0	7210.0	
t600k_scan_select_project_sort1	1936.0	1898.0	1904.0	1884.0	1879.0	1893.0	1886.0	1908.0	1885.0	1892.0	
t600k_scan_select_project_sort3	3290.0	3278.0	3276.0	3296.0	3285.0	3282.0	3304.0	3294.0	3289.0	3284.0	
t600k_scan_select_project_sort6	4561.0	4569.0	4561.0	4554.0	4571.0	4565.0	4556.0	4559.0	4561.0	4560.0	
t600k_scan_select_project_sort9	5979.0	5966.0	5972.0	6004.0	5969.0	5959.0	5982.0	5987.0	5964.0	5962.0	
t600k_scan_select_project_sort12	8687.0	8659.0	9096.0	8658.0	8709.0	8677.0	8669.0	8668.0	8680.0	8675.0	
t700k_scan_select_project_sort1	2254.0	2257.0	2253.0	2256.0	2259.0	2243.0	2253.0	2258.0	2246.0	2253.0	
t700k_scan_select_project_sort3	3878.0	3856.0	3876.0	3857.0	3856.0	3864.0	3852.0	3880.0	3867.0	3858.0	
t700k_scan_select_project_sort6	5354.0	5371.0	5362.0	5343.0	5360.0	5359.0	5366.0	5444.0	5359.0	5357.0	
t700k_scan_select_project_sort9	7002.0	7001.0	7694.0	6999.0	7011.0	7024.0	7551.0	7026.0	7011.0	7007.0	
t700k_scan_select_project_sort12	11310.0	10131.0	10133.0	10423.0	10150.0	10181.0	10164.0	11393.0	10152.0	10119.0	
t800k_scan_select_project_sort1	2566.0	2565.0	2553.0	2546.0	2565.0	2577.0	2580.0	2581.0	2590.0	2566.0	
t800k_scan_select_project_sort3	4452.0	4437.0	4441.0	4453.0	4437.0	4434.0	4414.0	4420.0	4434.0	4431.0	
t800k_scan_select_project_sort6	6119.0	6148.0	6159.0	6149.0	6663.0	6139.0	6130.0	6131.0	6143.0	6816.0	
t800k_scan_select_project_sort9	8075.0	8064.0	8084.0	8085.0	8096.0	8080.0	8076.0	8096.0	8090.0	8097.0	
t800k_scan_select_project_sort12	11708.0	12653.0	11682.0	11693.0	12511.0	11678.0	11666.0	11734.0	11651.0	11690.0	
t900k_scan_select_project_sort1	2944.0	2906.0	2919.0	2904.0	2903.0	2909.0	2927.0	2929.0	2923.0	2926.0	
t900k_scan_select_project_sort3	4996.0	5002.0	5459.0	4993.0	5017.0	5003.0	4988.0	5013.0	4997.0	5024.0	
t900k_scan_select_project_sort6	6949.0	6948.0	6910.0	6956.0	6940.0	6946.0	6927.0	6974.0	7519.0	6919.0	
t900k_scan_select_project_sort9	9132.0	9132.0	9126.0	9134.0	9131.0	9138.0	9165.0	9148.0	9129.0	9122.0	
t900k_scan_select_project_sort12	13193.0	13156.0	13190.0	14836.0	13208.0	14829.0	13192.0	13172.0	13190.0	13199.0	
t1000k_scan_select_project_sort1	3245.0	3243.0	3239.0	3224.0	3254.0	3252.0	3242.0	3228.0	3228.0	3236.0	
t1000k_scan_select_project_sort3	5582.0	5629.0	5558.0	5581.0	5557.0	5553.0	5572.0	5660.0	5553.0	5547.0	
t1000k_scan_select_project_sort6	7720.0	7709.0	8007.0	7711.0	7726.0	7702.0	7720.0	7703.0	7727.0	7710.0	
t1000k_scan_select_project_sort9	10178.0	10170.0	10131.0	10167.0	10140.0	10160.0	10171.0	11400.0	10133.0	10160.0	
t1000k_scan_select_project_sort12	15982.0	14647.0	14670.0	14623.0	14636.0	14655.0	14651.0	14637.0	16528.0	14622.0	
