                                	pgres			oas
1_scan                          	77.90    	22.02	1.70     	0.28	85.40  	0.64
100_scan                        	20.40    	1.86	3.20     	0.45	83.80  	0.28
1k_scan                         	45.00    	0.12	13.90    	0.27	83.70  	0.61
10k_scan                        	302.50   	2.55	108.70   	0.92	86.10  	0.74
50k_scan                        	1489.60  	4.93	531.70   	1.29	83.10  	0.73
100k_scan                       	2932.70  	2.26	1059.90  	1.36	85.30  	0.64
200k_scan                       	5948.50  	7.86	2121.80  	1.94	83.10  	1.65
300k_scan                       	8947.60  	5.90	3163.00  	2.36	232.40 	50.19
400k_scan                       	11956.90 	5.05	4214.80  	0.99	83.10  	1.69
500k_scan                       	14975.90 	2.36	5270.00  	4.34	213.70 	41.29
600k_scan                       	17965.90 	7.64	6323.10  	4.46	130.90 	13.36
700k_scan                       	20970.40 	15.91	7357.20  	4.55	87.00  	1.70
800k_scan                       	23972.70 	43.92	8389.40  	2.35	87.70  	0.30
900k_scan                       	26978.60 	12.91	9430.60  	2.21	260.80 	58.65
1000k_scan                      	30042.00 	18.74	10425.80 	3.01	87.80  	1.61
1_scan_select1                  	18.50    	0.97	1.80     	0.15	86.70  	1.45
1_scan_select2                  	14.00    	1.37	1.60     	0.25	87.80  	0.35
1_scan_select3                  	13.50    	0.89	1.70     	0.18	85.80  	0.45
1_scan_select4                  	13.60    	0.86	1.80     	0.14	88.70  	0.37
1_scan_select5                  	12.80    	1.09	1.80     	0.16	85.80  	0.43
100_scan_select1                	15.40    	1.27	2.50     	0.23	86.80  	0.48
100_scan_select2                	12.80    	0.28	2.80     	0.19	85.80  	0.35
100_scan_select3                	15.70    	1.58	3.00     	0.00     	87.20  	0.37
100_scan_select4                	15.10    	0.39	2.70     	0.29	87.00  	0.44
100_scan_select5                	34.10    	3.39	2.70     	0.20	86.60  	1.82
1k_scan_select1                 	32.40    	2.84	9.80     	0.27	86.20  	0.29
1k_scan_select2                 	32.10    	0.63	10.20    	0.33	87.70  	0.52
1k_scan_select3                 	32.80    	2.08	10.40    	0.82	85.80  	1.09
1k_scan_select4                 	159.80   	1.76	11.00    	0.13	88.00  	0.72
1k_scan_select5                 	162.10   	0.38	10.30    	0.85	87.40  	1.58
10k_scan_select1                	162.50   	0.54	72.30    	0.33	89.10  	0.87
10k_scan_select2                	161.00   	2.01	72.60    	0.90	94.00  	2.40
10k_scan_select3                	762.00   	2.43	74.30    	0.49	89.30  	0.50
10k_scan_select4                	754.10   	0.43	74.00    	1.01	87.00  	1.01
10k_scan_select5                	756.40   	0.45	74.00    	1.05	86.90  	0.80
50k_scan_select1                	758.40   	0.48	345.30   	1.24	88.30  	1.27
50k_scan_select2                	1504.50  	0.90	351.30   	0.85	87.00  	0.40
50k_scan_select3                	1492.80  	0.89	353.10   	1.38	87.50  	0.23
50k_scan_select4                	1499.00  	0.86	355.30   	0.33	87.10  	1.07
50k_scan_select5                	1497.30  	2.58	354.80   	0.66	85.70  	0.63
100k_scan_select1               	1524.30  	4.57	694.40   	0.59	85.20  	0.31
100k_scan_select2               	3027.30  	4.77	705.20   	0.63	86.00  	0.39
100k_scan_select3               	3011.00  	0.73	706.70   	0.60	94.70  	3.64
100k_scan_select4               	3025.40  	2.84	704.80   	0.66	86.70  	0.28
100k_scan_select5               	3024.50  	4.87	707.10   	1.06	85.50  	1.51
200k_scan_select1               	3072.90  	0.55	1385.50  	0.91	93.90  	0.84
200k_scan_select2               	4572.80  	5.35	1408.30  	2.16	114.00 	10.05
200k_scan_select3               	4549.90  	6.99	1404.50  	3.51	124.30 	12.16
200k_scan_select4               	4548.90  	0.41	1401.30  	2.16	119.50 	9.90
200k_scan_select5               	4551.90  	0.71	1401.80  	0.84	131.70 	12.97
300k_scan_select1               	4625.70  	5.79	2064.30  	0.59	88.00  	1.01
300k_scan_select2               	6118.30  	9.84	2102.00  	1.51	148.40 	20.19
300k_scan_select3               	6055.60  	3.24	2103.60  	2.69	105.90 	6.02
300k_scan_select4               	6071.20  	0.38	2086.60  	0.34	109.50 	1.16
300k_scan_select5               	6086.00  	0.98	2101.80  	1.06	113.80 	9.32
400k_scan_select1               	6185.70  	4.95	2752.70  	1.63	88.10  	1.65
400k_scan_select2               	7693.40  	24.50	2804.10  	3.43	86.90  	2.38
400k_scan_select3               	7575.10  	0.79	2802.30  	16.24	85.10  	0.29
400k_scan_select4               	7602.90  	2.37	2792.50  	0.53	86.90  	0.80
400k_scan_select5               	7607.70  	0.68	2802.40  	5.87	85.80  	0.46
500k_scan_select1               	7726.10  	0.33	3441.60  	2.30	87.00  	1.38
500k_scan_select2               	9142.40  	6.51	3496.30  	0.66	87.80  	0.46
500k_scan_select3               	9096.80  	4.75	3507.60  	2.23	144.20 	19.24
500k_scan_select4               	9144.20  	1.28	3490.00  	11.35	88.60  	0.90
500k_scan_select5               	9127.00  	12.34	3507.00  	1.17	162.00 	24.84
600k_scan_select1               	9279.10  	0.55	4132.50  	1.58	85.70  	1.18
600k_scan_select2               	10667.30 	5.45	4195.00  	3.35	89.10  	0.47
600k_scan_select3               	10613.70 	4.20	4210.80  	7.99	89.00  	0.41
600k_scan_select4               	10653.30 	28.24	4177.40  	4.86	92.80  	1.31
600k_scan_select5               	10664.50 	1.66	4210.10  	3.77	87.60  	0.67
700k_scan_select1               	10829.60 	1.89	4839.50  	6.92	92.60  	4.83
700k_scan_select2               	12204.80 	6.31	4899.70  	4.90	95.00  	3.09
700k_scan_select3               	12132.00 	5.69	4902.40  	2.21	96.20  	0.47
700k_scan_select4               	12166.00 	2.15	4886.20  	5.51	94.00  	1.37
700k_scan_select5               	12186.20 	9.14	4902.70  	0.65	93.80  	5.07
800k_scan_select1               	12378.30 	4.45	5508.40  	2.22	103.70 	4.30
800k_scan_select2               	13721.80 	12.74	5616.60  	11.57	86.30  	0.92
800k_scan_select3               	13656.70 	12.14	5604.90  	10.39	91.70  	1.29
800k_scan_select4               	13698.40 	2.52	5595.70  	10.26	92.50  	0.54
800k_scan_select5               	13720.50 	6.17	5600.90  	2.72	88.10  	1.65
900k_scan_select1               	13919.50 	2.51	6195.20  	4.77	260.30 	57.49
900k_scan_select2               	15308.80 	88.08	6321.70  	5.90	264.90 	58.69
900k_scan_select3               	15172.30 	5.11	6332.00  	11.01	273.60 	62.92
900k_scan_select4               	15222.00 	1.88	6303.40  	16.86	265.80 	60.32
900k_scan_select5               	15254.60 	8.15	6304.90  	8.38	262.30 	58.16
1000k_scan_select1              	15469.10 	4.37	6840.90  	6.36	139.50 	17.22
1000k_scan_select2              	13.40    	0.62	6931.60  	7.27	107.60 	4.59
1000k_scan_select3              	13.20    	0.82	6970.80  	3.32	248.50 	53.89
1000k_scan_select4              	12.30    	0.31	7010.40  	4.54	236.10 	48.76
1000k_scan_select5              	13.40    	0.92	7002.00  	2.21	228.70 	47.62
1_scan_project1                 	12.70    	1.11	1.70     	0.17	83.40  	0.94
1_scan_project3                 	16.20    	2.11	1.60     	0.25	84.90  	1.07
1_scan_project6                 	12.50    	0.85	1.70     	0.28	84.80  	1.00
1_scan_project9                 	16.20    	1.48	1.80     	0.16	86.90  	0.42
1_scan_project12                	15.20    	0.50	1.50     	0.23	84.80  	0.42
100_scan_project1               	11.50    	1.53	1.60     	0.25	86.10  	0.49
100_scan_project3               	11.20    	0.39	2.50     	0.29	85.00  	0.69
100_scan_project6               	12.00    	0.77	2.60     	0.20	85.90  	0.67
100_scan_project9               	13.20    	0.52	2.70     	0.20	86.50  	0.31
100_scan_project12              	12.40    	0.33	2.60     	0.25	86.60  	0.26
1k_scan_project1                	12.40    	0.42	6.40     	0.82	82.30  	0.24
1k_scan_project3                	13.40    	0.34	7.50     	0.53	84.30  	0.80
1k_scan_project6                	14.10    	1.02	7.70     	0.30	85.40  	0.65
1k_scan_project9                	14.50    	0.62	10.80    	0.35	85.00  	0.70
1k_scan_project12               	14.90    	1.06	11.20    	0.35	84.60  	0.62
10k_scan_project1               	19.30    	1.83	38.50    	0.23	83.00  	0.73
10k_scan_project3               	21.90    	1.45	46.20    	0.30	84.80  	0.44
10k_scan_project6               	23.50    	0.93	59.50    	0.54	83.90  	1.05
10k_scan_project9               	32.30    	1.98	78.80    	0.78	85.40  	0.27
10k_scan_project12              	38.00    	0.43	92.10    	0.46	87.60  	0.58
50k_scan_project1               	49.50    	2.29	180.90   	0.36	84.00  	0.51
50k_scan_project3               	74.80    	0.50	219.60   	0.32	85.10  	0.76
50k_scan_project6               	120.20   	1.87	287.80   	0.30	88.50  	1.51
50k_scan_project9               	154.10   	1.15	385.10   	0.44	92.70  	2.30
50k_scan_project12              	235.00   	2.35	453.50   	0.62	99.40  	4.84
100k_scan_project1              	153.10   	1.02	359.30   	0.50	84.10  	0.54
100k_scan_project3              	335.40   	0.96	436.10   	1.33	87.10  	1.05
100k_scan_project6              	526.60   	1.24	578.00   	0.21	92.40  	1.88
100k_scan_project9              	733.80   	0.24	769.80   	0.95	105.90 	7.67
100k_scan_project12             	1135.80  	1.62	897.80   	1.17	116.00 	9.40
200k_scan_project1              	293.30   	1.26	714.70   	1.15	83.90  	1.32
200k_scan_project3              	664.80   	2.08	876.50   	1.91	93.30  	2.20
200k_scan_project6              	1047.80  	1.28	1147.40  	0.29	107.60 	7.25
200k_scan_project9              	1452.20  	2.78	1533.70  	0.68	132.40 	15.85
200k_scan_project12             	2260.30  	2.59	1789.80  	3.25	153.20 	22.46
300k_scan_project1              	613.10   	1.01	1065.30  	1.93	87.50  	0.57
300k_scan_project3              	1375.20  	4.61	1300.70  	0.25	100.90 	6.01
300k_scan_project6              	2138.10  	1.42	1728.20  	4.77	120.90 	11.36
300k_scan_project9              	2951.70  	1.20	2304.70  	4.26	158.30 	22.49
300k_scan_project12             	4570.50  	1.52	2680.80  	26.08	193.40 	34.52
400k_scan_project1              	915.00   	0.73	1420.60  	2.88	90.80  	1.64
400k_scan_project3              	2082.70  	0.30	1728.50  	0.31	107.70 	6.30
400k_scan_project6              	3233.90  	2.99	2277.50  	6.84	137.00 	16.39
400k_scan_project9              	4445.40  	0.55	3058.40  	2.84	188.80 	34.66
400k_scan_project12             	6879.50  	2.85	3553.50  	0.90	226.80 	46.66
500k_scan_project1              	1215.10  	0.91	1775.00  	1.75	93.60  	1.91
500k_scan_project3              	2784.90  	4.98	2163.50  	3.40	114.60 	10.59
500k_scan_project6              	4325.80  	1.75	2859.10  	4.69	150.50 	20.23
500k_scan_project9              	5944.60  	1.69	3837.10  	0.60	240.30 	51.82
500k_scan_project12             	9179.20  	0.50	4453.20  	2.15	271.40 	61.19
600k_scan_project1              	1517.80  	1.33	2121.40  	1.01	94.50  	4.21
600k_scan_project3              	3487.70  	0.38	2598.70  	5.25	125.90 	12.35
600k_scan_project6              	5420.90  	2.31	3431.50  	3.36	165.00 	26.72
600k_scan_project9              	7441.00  	2.37	4596.10  	0.20	248.40 	54.52
600k_scan_project12             	11514.30 	5.69	5364.10  	12.08	159.90 	23.03
700k_scan_project1              	1818.10  	1.69	2485.70  	3.28	98.50  	3.88
700k_scan_project3              	4197.50  	1.53	3032.20  	1.18	132.10 	14.76
700k_scan_project6              	6506.80  	5.75	3998.70  	0.53	179.20 	31.45
700k_scan_project9              	8941.00  	7.35	5368.30  	8.54	272.60 	61.92
700k_scan_project12             	13803.20 	1.94	6243.30  	34.57	260.90 	58.35
800k_scan_project1              	2124.20  	1.97	2851.40  	7.14	100.40 	5.20
800k_scan_project3              	4903.30  	1.15	3464.10  	2.44	141.10 	19.42
800k_scan_project6              	7611.80  	1.63	4575.10  	0.78	216.40 	42.86
800k_scan_project9              	10436.50 	13.84	6137.40  	3.53	294.80 	70.32
800k_scan_project12             	16103.60 	3.84	7121.70  	6.81	231.70 	48.29
900k_scan_project1              	2424.30  	0.60	3206.10  	6.70	125.40 	14.19
900k_scan_project3              	5604.00  	0.80	3896.10  	2.72	149.00 	20.39
900k_scan_project6              	8699.20  	2.69	5144.10  	2.39	203.10 	38.76
900k_scan_project9              	11928.40 	1.83	6916.10  	35.31	265.60 	58.59
900k_scan_project12             	18412.80 	10.66	8052.60  	94.48	216.10 	42.75
1000k_scan_project1             	2727.90  	5.37	3558.40  	4.24	125.00 	12.06
1000k_scan_project3             	6319.00  	0.41	4314.30  	0.63	155.10 	22.76
1000k_scan_project6             	9794.50  	0.95	5663.90  	3.37	222.80 	46.65
1000k_scan_project9             	13423.80 	0.44	7597.50  	1.16	244.40 	52.85
1000k_scan_project12            	20726.80 	2.87	8944.50  	2.85	244.20 	50.46
1_scan_sort1                    	3027.70  	1.14	1.70     	0.20	86.40  	0.83
1_scan_sort3                    	7019.40  	3.17	1.80     	0.19	86.00  	0.70
1_scan_sort6                    	10865.70 	3.91	1.90     	0.12	86.70  	0.41
1_scan_sort9                    	14918.20 	3.66	1.70     	0.18	87.10  	0.22
1_scan_sort12                   	23012.60 	42.81	1.50     	0.23	86.60  	0.82
100_scan_sort1                  	12.20    	1.08	3.20     	0.44	85.90  	0.37
100_scan_sort3                  	14.20    	0.67	3.60     	0.22	85.00  	0.21
100_scan_sort6                  	14.20    	0.79	4.00     	0.00     	86.30  	0.21
100_scan_sort9                  	11.80    	0.62	3.80     	0.19	86.80  	0.60
100_scan_sort12                 	11.70    	0.59	3.00     	0.39	87.10  	1.77
1k_scan_sort1                   	11.30    	0.38	15.20    	0.76	86.60  	1.82
1k_scan_sort3                   	13.00    	1.39	15.40    	0.27	85.60  	0.30
1k_scan_sort6                   	13.40    	1.26	15.20    	0.39	86.80  	0.33
1k_scan_sort9                   	14.00    	1.09	14.70    	0.70	86.50  	0.59
1k_scan_sort12                  	15.00    	0.25	15.60    	0.92	85.60  	0.84
10k_scan_sort1                  	14.30    	0.79	132.80   	1.41	84.30  	2.25
10k_scan_sort3                  	23.60    	0.57	133.30   	1.61	85.40  	0.30
10k_scan_sort6                  	24.80    	0.54	134.10   	0.69	85.60  	0.27
10k_scan_sort9                  	27.80    	1.70	133.60   	1.23	85.50  	0.62
10k_scan_sort12                 	36.20    	0.98	133.30   	0.95	86.80  	0.68
50k_scan_sort1                  	43.20    	0.77	711.90   	4.71	86.30  	0.98
50k_scan_sort3                  	75.10    	2.07	710.20   	0.48	85.90  	0.65
50k_scan_sort6                  	115.70   	0.57	710.80   	1.75	96.90  	29.37
50k_scan_sort9                  	152.50   	0.95	711.70   	1.26	87.00  	0.70
50k_scan_sort12                 	234.40   	0.94	714.00   	1.07	87.20  	0.63
100k_scan_sort1                 	155.50   	0.59	1465.80  	0.26	84.60  	0.29
100k_scan_sort3                 	335.90   	1.40	1467.70  	0.30	97.10  	1.78
100k_scan_sort6                 	525.50   	2.22	1466.20  	0.53	87.50  	0.87
100k_scan_sort9                 	734.00   	1.02	1465.50  	2.21	85.00  	0.39
100k_scan_sort12                	1138.60  	0.84	1455.30  	2.80	87.70  	0.78
200k_scan_sort1                 	293.20   	0.97	2988.90  	0.89	122.20 	9.67
200k_scan_sort3                 	666.50   	0.70	2975.20  	1.42	84.60  	0.37
200k_scan_sort6                 	1046.90  	1.09	2988.60  	0.86	87.40  	1.55
200k_scan_sort9                 	1455.20  	1.94	2983.90  	2.07	94.50  	2.54
200k_scan_sort12                	2258.80  	2.76	2961.70  	1.05	87.50  	0.30
300k_scan_sort1                 	613.20   	0.24	4534.70  	9.99	88.30  	6.58
300k_scan_sort3                 	1374.60  	0.24	4534.50  	4.23	102.40 	3.54
300k_scan_sort6                 	2139.50  	1.22	4542.10  	4.58	88.60  	3.49
300k_scan_sort9                 	2954.60  	0.42	4526.40  	7.92	86.40  	0.27
300k_scan_sort12                	4573.30  	3.64	4504.40  	3.91	99.70  	3.63
400k_scan_sort1                 	916.80   	0.28	6107.00  	9.71	86.80  	1.74
400k_scan_sort3                 	2078.00  	0.23	6123.40  	24.14	90.80  	0.34
400k_scan_sort6                 	3233.40  	4.15	6106.40  	18.49	90.80  	1.01
400k_scan_sort9                 	4450.60  	2.90	6104.40  	6.14	88.90  	1.73
400k_scan_sort12                	6882.10  	2.42	6057.00  	2.02	101.30 	5.14
500k_scan_sort1                 	1216.80  	2.42	7719.10  	17.73	245.40 	50.86
500k_scan_sort3                 	2783.90  	1.05	7690.50  	16.56	232.30 	48.49
500k_scan_sort6                 	4326.50  	0.87	7685.50  	19.20	232.20 	47.12
500k_scan_sort9                 	5946.40  	0.60	7680.30  	5.31	240.30 	50.49
500k_scan_sort12                	9200.40  	7.52	7631.20  	14.32	228.90 	48.35
600k_scan_sort1                 	1516.90  	2.31	9279.40  	1.53	148.40 	19.53
600k_scan_sort3                 	3489.70  	1.92	9276.90  	21.74	99.10  	3.11
600k_scan_sort6                 	5418.60  	0.69	9277.60  	25.88	115.60 	7.27
600k_scan_sort9                 	7444.10  	7.65	9257.30  	9.22	91.10  	1.35
600k_scan_sort12                	11497.10 	0.83	9237.60  	12.19	145.60 	19.25
700k_scan_sort1                 	1817.80  	0.54	10905.40 	2.25	102.20 	4.12
700k_scan_sort3                 	4196.10  	1.69	10841.70 	3.46	86.10  	0.70
700k_scan_sort6                 	6530.80  	8.41	10928.90 	102.04	87.20  	0.24
700k_scan_sort9                 	8937.70  	4.78	10885.40 	2.64	133.60 	14.92
700k_scan_sort12                	13803.50 	3.58	10796.80 	1.86	92.30  	0.47
800k_scan_sort1                 	2125.10  	0.41	12504.70 	31.12	97.50  	3.56
800k_scan_sort3                 	4901.20  	0.82	12483.30 	27.16	93.90  	0.52
800k_scan_sort6                 	7606.90  	5.74	12479.70 	22.20	182.80 	32.66
800k_scan_sort9                 	10483.50 	46.85	12508.20 	33.45	100.20 	2.82
800k_scan_sort12                	16121.90 	2.21	12397.70 	11.92	88.40  	0.56
900k_scan_sort1                 	2424.80  	1.28	14158.30 	8.34	281.50 	64.89
900k_scan_sort3                 	5601.50  	1.38	14115.30 	15.46	90.70  	0.57
900k_scan_sort6                 	8702.50  	4.57	14080.90 	22.72	296.70 	68.29
900k_scan_sort9                 	11943.40 	7.25	14137.10 	19.68	279.60 	63.92
900k_scan_sort12                	18414.00 	11.10	14041.00 	39.05	270.10 	61.75
1000k_scan_sort1                	2725.80  	0.51	15610.80 	39.45	200.20 	36.46
1000k_scan_sort3                	6317.70  	2.28	15638.30 	9.21	194.30 	35.49
1000k_scan_sort6                	9816.60  	5.82	15600.90 	3.67	159.40 	24.52
1000k_scan_sort9                	13431.80 	6.27	15562.10 	25.06	101.10 	5.41
1000k_scan_sort12               	20728.00 	7.69	15713.80 	38.12	187.90 	31.36
1_scan_select_project_sort1     	3028.50  	2.22	1.80     	0.19	86.20  	0.44
1_scan_select_project_sort3     	7018.10  	2.04	1.70     	0.29	88.30  	0.60
1_scan_select_project_sort6     	10869.10 	1.08	2.00     	0.00     	88.40  	0.26
1_scan_select_project_sort9     	14916.60 	2.01	1.80     	0.15	90.50  	0.25
1_scan_select_project_sort12    	23043.60 	48.14	2.00     	0.00     	88.80  	0.96
100_scan_select_project_sort1   	23.40    	4.49	1.70     	0.18	86.60  	0.32
100_scan_select_project_sort3   	13.00    	0.47	1.80     	0.30	87.60  	0.22
100_scan_select_project_sort6   	12.20    	0.30	2.90     	0.12	87.60  	0.59
100_scan_select_project_sort9   	14.30    	0.87	2.90     	0.19	89.00  	1.04
100_scan_select_project_sort12  	13.60    	0.37	3.00     	0.00     	91.90  	8.38
1k_scan_select_project_sort1    	16.40    	1.88	6.90     	0.69	86.10  	0.68
1k_scan_select_project_sort3    	17.70    	0.66	7.50     	0.35	87.10  	0.22
1k_scan_select_project_sort6    	16.40    	0.49	8.60     	0.31	87.80  	0.40
1k_scan_select_project_sort9    	17.20    	0.79	9.70     	0.18	91.10  	0.35
1k_scan_select_project_sort12   	16.20    	0.25	10.40    	0.20	90.80  	0.23
10k_scan_select_project_sort1   	46.50    	1.53	51.00    	0.39	87.40  	0.90
10k_scan_select_project_sort3   	43.90    	0.46	58.20    	0.33	87.50  	0.30
10k_scan_select_project_sort6   	47.50    	0.48	64.50    	0.25	90.50  	6.17
10k_scan_select_project_sort9   	47.00    	1.35	73.90    	0.41	91.00  	5.68
10k_scan_select_project_sort12  	45.70    	0.95	80.50    	0.25	90.60  	0.33
50k_scan_select_project_sort1   	331.20   	3.10	286.70   	0.54	86.40  	1.15
50k_scan_select_project_sort3   	324.60   	0.88	311.10   	1.01	86.80  	0.34
50k_scan_select_project_sort6   	326.00   	1.69	349.50   	0.87	90.60  	6.14
50k_scan_select_project_sort9   	327.40   	1.55	396.10   	0.69	89.90  	0.42
50k_scan_select_project_sort12  	325.40   	0.86	425.30   	0.47	90.60  	0.82
100k_scan_select_project_sort1  	1629.20  	0.46	587.70   	2.11	87.80  	0.66
100k_scan_select_project_sort3  	1630.70  	2.53	640.80   	1.29	86.80  	1.15
100k_scan_select_project_sort6  	1624.10  	0.99	712.40   	0.30	89.50  	0.40
100k_scan_select_project_sort9  	1625.30  	2.32	809.30   	2.47	90.40  	0.34
100k_scan_select_project_sort12 	1626.90  	0.63	864.90   	1.41	92.00  	0.35
200k_scan_select_project_sort1  	3285.50  	2.53	1200.30  	6.45	89.50  	0.59
200k_scan_select_project_sort3  	3284.10  	0.82	1311.30  	1.15	88.60  	0.51
200k_scan_select_project_sort6  	3283.70  	0.61	1453.40  	2.04	89.80  	0.43
200k_scan_select_project_sort9  	3278.80  	1.65	1653.90  	1.03	91.80  	0.32
200k_scan_select_project_sort12 	3284.60  	1.50	1755.10  	1.05	90.80  	0.34
300k_scan_select_project_sort1  	6750.00  	1.69	1836.80  	1.41	86.50  	0.31
300k_scan_select_project_sort3  	6755.70  	1.20	1994.20  	2.05	88.60  	0.50
300k_scan_select_project_sort6  	6761.70  	0.74	2202.20  	1.99	90.00  	0.39
300k_scan_select_project_sort9  	6753.00  	4.73	2498.70  	3.29	91.00  	0.72
300k_scan_select_project_sort12 	6753.50  	0.59	2655.40  	2.51	90.90  	0.50
400k_scan_select_project_sort1  	10441.10 	68.42	2463.70  	8.63	88.70  	1.35
400k_scan_select_project_sort3  	10346.70 	39.26	2668.40  	10.26	88.60  	0.53
400k_scan_select_project_sort6  	10445.80 	66.32	2959.40  	8.26	89.50  	0.36
400k_scan_select_project_sort9  	10440.40 	65.85	3354.90  	10.32	90.80  	0.45
400k_scan_select_project_sort12 	10295.10 	6.75	3586.40  	6.18	91.00  	0.21
500k_scan_select_project_sort1  	13792.80 	31.76	3117.40  	14.17	85.10  	0.40
500k_scan_select_project_sort3  	14390.10 	210.93	3383.50  	5.65	88.90  	1.72
500k_scan_select_project_sort6  	14098.90 	109.98	3737.10  	7.41	89.40  	0.24
500k_scan_select_project_sort9  	14269.70 	378.46	4243.60  	2.17	91.00  	0.47
500k_scan_select_project_sort12 	13821.80 	14.32	4475.30  	2.69	90.60  	0.22
600k_scan_select_project_sort1  	19538.10 	38.40	3776.70  	0.80	86.50  	0.85
600k_scan_select_project_sort3  	19495.40 	4.66	4084.90  	20.04	87.80  	0.30
600k_scan_select_project_sort6  	19909.60 	98.56	4501.40  	3.16	90.10  	0.35
600k_scan_select_project_sort9  	19699.20 	81.45	5094.70  	13.14	92.20  	0.31
600k_scan_select_project_sort12 	19861.70 	221.80	5420.90  	4.11	91.90  	0.74
700k_scan_select_project_sort1  	25447.00 	8.62	4434.70  	9.14	102.00 	5.40
700k_scan_select_project_sort3  	25485.00 	407.67	4776.10  	2.37	116.90 	9.69
700k_scan_select_project_sort6  	25427.20 	8.31	5271.90  	11.11	89.30  	0.54
700k_scan_select_project_sort9  	25304.10 	72.08	5970.80  	25.45	91.30  	0.25
700k_scan_select_project_sort12 	25515.90 	43.66	6381.20  	7.95	103.20 	3.12
800k_scan_select_project_sort1  	30801.20 	174.40	5087.00  	7.12	91.70  	0.90
800k_scan_select_project_sort3  	30713.40 	432.55	5511.40  	22.50	87.40  	0.25
800k_scan_select_project_sort6  	30821.50 	184.50	6077.80  	5.13	90.00  	0.39
800k_scan_select_project_sort9  	30628.00 	43.08	6860.50  	12.56	188.60 	30.92
800k_scan_select_project_sort12 	30739.20 	63.32	7280.00  	15.70	93.70  	0.35
900k_scan_select_project_sort1  	36645.60 	218.55	5783.20  	26.08	88.00  	0.25
900k_scan_select_project_sort3  	36310.40 	203.24	6241.10  	22.73	88.40  	0.53
900k_scan_select_project_sort6  	36483.10 	103.70	6828.10  	16.75	104.60 	4.60
900k_scan_select_project_sort9  	36569.10 	117.42	7741.90  	14.13	92.60  	0.82
900k_scan_select_project_sort12 	36680.10 	77.79	8253.80  	4.13	90.80  	1.46
1000k_scan_select_project_sort1 	42104.50 	397.54	6412.10  	17.36	100.00 	2.76
1000k_scan_select_project_sort3 	41839.70 	486.12	6911.70  	18.68	90.00  	0.75
1000k_scan_select_project_sort6 	42131.70 	354.82	7673.00  	28.01	145.40 	18.52
1000k_scan_select_project_sort9 	41977.70 	119.70	8584.00  	10.21	90.00  	0.72
1000k_scan_select_project_sort12	42201.60 	341.85	9203.80  	3.68	239.40 	48.86
