t1_scan	1019.0	761.0	727.0	673.0	691.0	962.0	799.0	805.0	754.0	695.0	
t100k_scan	5953.0	4813.0	5055.0	5523.0	4896.0	4802.0	5260.0	5233.0	5083.0	4747.0	
t200k_scan	9562.0	9044.0	9196.0	9410.0	8973.0	9437.0	9353.0	9196.0	9533.0	9386.0	
t300k_scan	14015.0	13809.0	13520.0	13343.0	13454.0	13460.0	13178.0	13271.0	13148.0	13508.0	
t400k_scan	17943.0	17196.0	17057.0	17316.0	17341.0	16845.0	16962.0	17576.0	17330.0	17162.0	
t500k_scan	21991.0	21243.0	21577.0	21781.0	21490.0	21342.0	21234.0	20968.0	21195.0	20867.0	
t600k_scan	26169.0	25489.0	25341.0	25494.0	25416.0	25542.0	25344.0	25368.0	25468.0	25413.0	
t700k_scan	30583.0	29589.0	29930.0	30038.0	29677.0	29540.0	29554.0	29560.0	29676.0	29690.0	
t800k_scan	33912.0	33188.0	33919.0	33562.0	33207.0	33606.0	34432.0	33689.0	33207.0	33918.0	
t900k_scan	38476.0	37790.0	37265.0	37783.0	37658.0	37383.0	37745.0	37269.0	37484.0	37317.0	
t1000k_scan	38615.0	42096.0	41769.0	42275.0	41362.0	41896.0	41935.0	42425.0	42104.0	41630.0	
t1_scan_select1	1004.0	1195.0	1150.0	1250.0	1257.0	832.0	1060.0	771.0	972.0	793.0	
t1_scan_select2	795.0	771.0	895.0	749.0	1329.0	1294.0	1283.0	984.0	751.0	828.0	
t1_scan_select3	887.0	772.0	917.0	816.0	750.0	760.0	789.0	1161.0	1149.0	849.0	
t1_scan_select4	706.0	829.0	728.0	725.0	850.0	894.0	728.0	716.0	1099.0	1083.0	
t1_scan_select5	1225.0	717.0	760.0	1018.0	739.0	883.0	760.0	1277.0	1172.0	1136.0	
t100k_scan_select1	3802.0	3016.0	3425.0	3381.0	3027.0	3281.0	3236.0	3554.0	3392.0	2995.0	
t100k_scan_select2	4303.0	3863.0	3554.0	3109.0	3163.0	3531.0	3095.0	3345.0	3130.0	3019.0	
t100k_scan_select3	4233.0	3512.0	3111.0	3394.0	3234.0	3309.0	3008.0	3424.0	3290.0	3541.0	
t100k_scan_select4	3860.0	3366.0	3287.0	3295.0	3563.0	3119.0	2991.0	3362.0	3512.0	3237.0	
t100k_scan_select5	4254.0	3687.0	3353.0	3178.0	3561.0	3527.0	3189.0	3372.0	3664.0	3200.0	
t200k_scan_select1	6306.0	5603.0	5678.0	5331.0	5774.0	5611.0	5140.0	5782.0	5786.0	5709.0	
t200k_scan_select2	6517.0	5652.0	6158.0	5533.0	5694.0	5226.0	5810.0	5492.0	5678.0	5702.0	
t200k_scan_select3	5728.0	5616.0	5337.0	6315.0	5460.0	5819.0	5419.0	5728.0	5686.0	5401.0	
t200k_scan_select4	6220.0	5139.0	5751.0	5592.0	5194.0	5605.0	5582.0	5757.0	5664.0	5905.0	
t200k_scan_select5	6625.0	5737.0	5951.0	5986.0	5525.0	5742.0	5617.0	5728.0	5629.0	5249.0	
t300k_scan_select1	8503.0	7729.0	8130.0	7732.0	7471.0	7321.0	7662.0	7442.0	7340.0	7619.0	
t300k_scan_select2	8099.0	7817.0	7897.0	7884.0	7542.0	7682.0	7318.0	7382.0	7662.0	7943.0	
t300k_scan_select3	8879.0	7579.0	7509.0	7365.0	7689.0	7338.0	7396.0	7891.0	7909.0	7931.0	
t300k_scan_select4	8924.0	8030.0	7873.0	7924.0	8765.0	7732.0	7924.0	8148.0	7403.0	7675.0	
t300k_scan_select5	8278.0	7947.0	7830.0	7994.0	7434.0	7522.0	7532.0	7545.0	7541.0	7907.0	
t400k_scan_select1	10878.0	9895.0	9981.0	10867.0	9891.0	9931.0	9697.0	10262.0	10128.0	9745.0	
t400k_scan_select2	10866.0	9874.0	9938.0	9791.0	9553.0	9866.0	10287.0	9709.0	9921.0	9972.0	
t400k_scan_select3	10715.0	9897.0	9977.0	9600.0	9778.0	9803.0	10026.0	9974.0	10239.0	10067.0	
t400k_scan_select4	10451.0	10068.0	9947.0	9733.0	10037.0	9701.0	9892.0	9920.0	10296.0	10160.0	
t400k_scan_select5	10732.0	10263.0	10510.0	10444.0	10039.0	10231.0	10147.0	10720.0	10225.0	10061.0	
t500k_scan_select1	13066.0	12250.0	11653.0	12084.0	12381.0	12075.0	12168.0	11544.0	12145.0	11626.0	
t500k_scan_select2	12975.0	12356.0	11655.0	12532.0	12115.0	11644.0	12334.0	11654.0	12073.0	11713.0	
t500k_scan_select3	12791.0	12462.0	12206.0	12069.0	12141.0	11736.0	11977.0	11816.0	12370.0	12108.0	
t500k_scan_select4	12784.0	11936.0	11966.0	12305.0	12148.0	11612.0	12155.0	12237.0	12282.0	12145.0	
t500k_scan_select5	13860.0	11856.0	12170.0	11803.0	12341.0	12390.0	12001.0	12953.0	12441.0	11737.0	
t600k_scan_select1	15404.0	13840.0	14029.0	14256.0	14413.0	13674.0	13791.0	14197.0	14079.0	14124.0	
t600k_scan_select2	14714.0	14265.0	14068.0	13787.0	13774.0	14079.0	13970.0	14222.0	13846.0	13824.0	
t600k_scan_select3	15154.0	13775.0	14241.0	14521.0	14137.0	13892.0	14418.0	14232.0	14302.0	14158.0	
t600k_scan_select4	14889.0	14359.0	13936.0	14378.0	14129.0	14475.0	13922.0	14693.0	14294.0	14028.0	
t600k_scan_select5	14909.0	14531.0	14170.0	14955.0	14820.0	14373.0	14720.0	13937.0	14345.0	14942.0	
t700k_scan_select1	17167.0	16243.0	16292.0	16391.0	16346.0	16319.0	16254.0	17059.0	16318.0	16168.0	
t700k_scan_select2	17448.0	16066.0	15838.0	16342.0	16484.0	17873.0	16735.0	16286.0	17455.0	16312.0	
t700k_scan_select3	17658.0	15944.0	16197.0	16151.0	16139.0	16173.0	16663.0	16260.0	16048.0	16428.0	
t700k_scan_select4	16840.0	16111.0	16349.0	18730.0	16285.0	16234.0	16104.0	16584.0	15920.0	16004.0	
t700k_scan_select5	17302.0	16278.0	16290.0	16174.0	16312.0	16762.0	16549.0	16958.0	16666.0	16746.0	
t800k_scan_select1	19931.0	18126.0	18299.0	18972.0	18108.0	18449.0	18560.0	17926.0	19055.0	18562.0	
t800k_scan_select2	19692.0	18421.0	18421.0	18487.0	18436.0	18497.0	18144.0	18329.0	18713.0	18030.0	
t800k_scan_select3	19853.0	18870.0	18650.0	18600.0	18151.0	18735.0	18979.0	18584.0	18344.0	18382.0	
t800k_scan_select4	19575.0	18742.0	18468.0	18106.0	18742.0	18602.0	18680.0	18189.0	18812.0	18614.0	
t800k_scan_select5	19575.0	18892.0	18799.0	18505.0	19095.0	19492.0	18569.0	18660.0	18381.0	19193.0	
t900k_scan_select1	22036.0	20706.0	20498.0	20615.0	20615.0	20690.0	20576.0	20663.0	20553.0	21146.0	
t900k_scan_select2	21833.0	20757.0	20895.0	20650.0	20777.0	20214.0	21465.0	19857.0	20502.0	20545.0	
t900k_scan_select3	21113.0	21772.0	20859.0	20446.0	20876.0	21260.0	20894.0	20522.0	21034.0	20479.0	
t900k_scan_select4	21779.0	20361.0	21158.0	20352.0	21123.0	20384.0	20718.0	20931.0	20868.0	20491.0	
t900k_scan_select5	21957.0	21168.0	20655.0	20178.0	21146.0	20908.0	21126.0	20955.0	20817.0	20317.0	
t1000k_scan_select1	23898.0	23441.0	23397.0	23801.0	24229.0	23320.0	23656.0	23187.0	23649.0	24521.0	
t1000k_scan_select2	25425.0	23443.0	23329.0	23274.0	23430.0	23777.0	23635.0	23932.0	24598.0	24153.0	
t1000k_scan_select3	25615.0	23998.0	23386.0	23623.0	24883.0	23730.0	24852.0	23696.0	25235.0	23612.0	
t1000k_scan_select4	24854.0	23630.0	24469.0	23598.0	24363.0	23589.0	24592.0	23343.0	24939.0	23572.0	
t1000k_scan_select5	25953.0	23677.0	24345.0	23221.0	24829.0	23875.0	25071.0	23641.0	24629.0	23895.0	
t1_scan_select_project_sort1	1636.0	1207.0	1128.0	939.0	862.0	806.0	795.0	831.0	951.0	783.0	
t1_scan_select_project_sort3	784.0	916.0	828.0	786.0	728.0	803.0	1595.0	1193.0	817.0	820.0	
t1_scan_select_project_sort6	847.0	772.0	917.0	750.0	737.0	793.0	813.0	1303.0	1262.0	1272.0	
t1_scan_select_project_sort9	939.0	1050.0	784.0	739.0	761.0	801.0	1272.0	1050.0	1117.0	821.0	
t1_scan_select_project_sort12	983.0	811.0	1217.0	1294.0	861.0	864.0	772.0	603.0	850.0	772.0	
t100k_scan_select_project_sort1	3134.0	1967.0	2140.0	2229.0	1816.0	2051.0	2385.0	2344.0	1789.0	1873.0	
t100k_scan_select_project_sort3	2983.0	2528.0	2842.0	2117.0	2394.0	2628.0	2095.0	2544.0	2600.0	2068.0	
t100k_scan_select_project_sort6	3166.0	2469.0	2882.0	2378.0	3014.0	2584.0	2886.0	2393.0	2983.0	2781.0	
t100k_scan_select_project_sort9	3251.0	3324.0	3721.0	3261.0	2906.0	3168.0	3320.0	2789.0	3180.0	3209.0	
t100k_scan_select_project_sort12	4210.0	3666.0	3816.0	3418.0	3705.0	3453.0	3894.0	3742.0	3279.0	3683.0	
t200k_scan_select_project_sort1	3961.0	3060.0	2867.0	3455.0	3291.0	2670.0	2914.0	2586.0	2927.0	2732.0	
t200k_scan_select_project_sort3	3953.0	3865.0	3709.0	3222.0	3590.0	3709.0	3995.0	3410.0	3664.0	3593.0	
t200k_scan_select_project_sort6	5173.0	4147.0	4291.0	4587.0	4391.0	4169.0	4148.0	4379.0	4200.0	4896.0	
t200k_scan_select_project_sort9	5378.0	5139.0	5197.0	5014.0	4996.0	5394.0	4826.0	4951.0	5036.0	4793.0	
t200k_scan_select_project_sort12	6957.0	6457.0	5997.0	6560.0	6545.0	6400.0	6710.0	6435.0	6068.0	6464.0	
t300k_scan_select_project_sort1	4680.0	3979.0	3988.0	3996.0	3922.0	3933.0	3530.0	4002.0	4111.0	3857.0	
t300k_scan_select_project_sort3	5540.0	4743.0	5017.0	4446.0	4618.0	4472.0	4848.0	5082.0	4894.0	4630.0	
t300k_scan_select_project_sort6	6894.0	5677.0	5741.0	5794.0	5466.0	5814.0	5706.0	6119.0	6069.0	5839.0	
t300k_scan_select_project_sort9	7968.0	7048.0	7040.0	7176.0	6661.0	7009.0	6977.0	7696.0	7242.0	7183.0	
t300k_scan_select_project_sort12	9942.0	8944.0	9687.0	9060.0	8569.0	9023.0	9167.0	8983.0	9155.0	8760.0	
t400k_scan_select_project_sort1	5756.0	4314.0	4403.0	4541.0	4399.0	4354.0	4436.0	4205.0	4280.0	4609.0	
t400k_scan_select_project_sort3	6465.0	5967.0	6165.0	5904.0	6049.0	6347.0	5474.0	6170.0	5532.0	6054.0	
t400k_scan_select_project_sort6	8603.0	7626.0	7230.0	7474.0	7491.0	7306.0	7345.0	7926.0	8242.0	7118.0	
t400k_scan_select_project_sort9	9864.0	9134.0	9830.0	9344.0	9188.0	9054.0	8719.0	9207.0	8628.0	9052.0	
t400k_scan_select_project_sort12	12420.0	11894.0	12102.0	11479.0	11310.0	11795.0	11668.0	11599.0	12010.0	11613.0	
t500k_scan_select_project_sort1	6176.0	5678.0	5345.0	5545.0	5577.0	5581.0	6454.0	5700.0	5720.0	5496.0	
t500k_scan_select_project_sort3	8235.0	7040.0	7287.0	6977.0	7067.0	7517.0	7133.0	6962.0	7089.0	8264.0	
t500k_scan_select_project_sort6	10189.0	9026.0	9159.0	9079.0	8874.0	8914.0	8884.0	9156.0	9195.0	9015.0	
t500k_scan_select_project_sort9	12007.0	11255.0	11086.0	11420.0	11155.0	11680.0	10920.0	10850.0	10691.0	10588.0	
t500k_scan_select_project_sort12	15486.0	14456.0	14268.0	13726.0	14258.0	14510.0	14638.0	14725.0	14652.0	14023.0	
t600k_scan_select_project_sort1	7752.0	6077.0	6114.0	6784.0	6282.0	5736.0	6321.0	6120.0	7048.0	6229.0	
t600k_scan_select_project_sort3	9756.0	8342.0	8408.0	8053.0	8327.0	8299.0	7869.0	8609.0	9327.0	8286.0	
t600k_scan_select_project_sort6	11142.0	10047.0	10795.0	9796.0	10201.0	10390.0	10922.0	10062.0	10095.0	10441.0	
t600k_scan_select_project_sort9	14240.0	12711.0	12740.0	13542.0	13075.0	12779.0	13854.0	12876.0	12783.0	14316.0	
t600k_scan_select_project_sort12	18266.0	16376.0	16451.0	16924.0	16627.0	16249.0	16587.0	17017.0	17123.0	16800.0	
t700k_scan_select_project_sort1	8395.0	6623.0	7196.0	8262.0	7075.0	7173.0	7153.0	7197.0	8305.0	7288.0	
t700k_scan_select_project_sort3	11921.0	10326.0	9607.0	10014.0	9611.0	10158.0	9422.0	9812.0	9635.0	10109.0	
t700k_scan_select_project_sort6	13095.0	11964.0	12431.0	12155.0	12156.0	12120.0	12386.0	12107.0	12300.0	13297.0	
t700k_scan_select_project_sort9	16207.0	14984.0	15839.0	15262.0	14768.0	15873.0	15187.0	14706.0	15313.0	14639.0	
t700k_scan_select_project_sort12	21752.0	19604.0	19839.0	19895.0	19624.0	19926.0	21047.0	20024.0	20302.0	20409.0	
t800k_scan_select_project_sort1	7006.0	8267.0	8810.0	7520.0	8105.0	7652.0	8016.0	8041.0	7913.0	8055.0	
t800k_scan_select_project_sort3	12171.0	11541.0	10782.0	10644.0	10690.0	11235.0	10728.0	10629.0	10516.0	10525.0	
t800k_scan_select_project_sort6	14871.0	13376.0	13844.0	13814.0	13857.0	13406.0	13787.0	13755.0	14903.0	13759.0	
t800k_scan_select_project_sort9	18471.0	17292.0	17311.0	17119.0	17623.0	17153.0	18584.0	17063.0	17682.0	16970.0	
t800k_scan_select_project_sort12	24318.0	22869.0	22970.0	22828.0	22237.0	23069.0	23447.0	22336.0	22942.0	22596.0	
t900k_scan_select_project_sort1	10261.0	9036.0	9572.0	8858.0	8824.0	8851.0	9062.0	8883.0	8615.0	8949.0	
t900k_scan_select_project_sort3	13631.0	12470.0	11927.0	12098.0	12069.0	11427.0	13546.0	12283.0	11832.0	11946.0	
t900k_scan_select_project_sort6	16497.0	15241.0	15756.0	15021.0	15208.0	16238.0	15265.0	15320.0	16276.0	14959.0	
t900k_scan_select_project_sort9	20475.0	19044.0	19423.0	20272.0	19756.0	19651.0	19182.0	19933.0	19540.0	20074.0	
t900k_scan_select_project_sort12	26654.0	25808.0	26009.0	25278.0	25244.0	24680.0	25073.0	25437.0	25181.0	25516.0	
t1000k_scan_select_project_sort1	11702.0	11468.0	11602.0	11486.0	12144.0	11951.0	11454.0	12611.0	11897.0	11302.0	
t1000k_scan_select_project_sort3	16842.0	15584.0	15791.0	14963.0	16375.0	15555.0	14697.0	14800.0	15341.0	15507.0	
t1000k_scan_select_project_sort6	20561.0	18493.0	18458.0	19185.0	19550.0	18889.0	18814.0	18677.0	18692.0	20078.0	
t1000k_scan_select_project_sort9	24283.0	23449.0	23022.0	23187.0	23416.0	23303.0	22765.0	22847.0	23315.0	23357.0	
t1000k_scan_select_project_sort12	31214.0	30193.0	30961.0	29595.0	29074.0	29444.0	30499.0	31124.0	29176.0	30218.0	
t1_scan_project1	984.0	783.0	683.0	1206.0	783.0	865.0	683.0	733.0	738.0	817.0	
t1_scan_project3	1006.0	784.0	677.0	1122.0	1216.0	1212.0	728.0	806.0	805.0	772.0	
t1_scan_project6	705.0	881.0	1150.0	1409.0	1105.0	1184.0	1338.0	795.0	739.0	1072.0	
t1_scan_project9	883.0	750.0	544.0	1239.0	1161.0	1083.0	1372.0	1247.0	828.0	817.0	
t1_scan_project12	1185.0	750.0	1019.0	1339.0	1450.0	705.0	861.0	961.0	761.0	773.0	
t100k_scan_project1	2483.0	2030.0	2059.0	1759.0	1760.0	1708.0	2052.0	2108.0	2096.0	1707.0	
t100k_scan_project3	2865.0	2068.0	2026.0	2361.0	2486.0	2389.0	2110.0	2471.0	1901.0	2058.0	
t100k_scan_project6	3227.0	2336.0	2452.0	2419.0	2550.0	2734.0	2549.0	2797.0	2391.0	3068.0	
t100k_scan_project9	3470.0	3409.0	3287.0	2875.0	3332.0	2921.0	3375.0	3584.0	2847.0	3330.0	
t100k_scan_project12	4285.0	4051.0	3895.0	3930.0	3985.0	4462.0	4428.0	4364.0	4409.0	4355.0	
t200k_scan_project1	3388.0	2835.0	2877.0	2579.0	2992.0	2685.0	2758.0	2791.0	3214.0	2424.0	
t200k_scan_project3	3946.0	3224.0	3567.0	3832.0	3931.0	3921.0	3209.0	3796.0	3633.0	3286.0	
t200k_scan_project6	5488.0	4108.0	4242.0	4199.0	3982.0	4444.0	5479.0	4082.0	4117.0	4152.0	
t200k_scan_project9	6256.0	5295.0	5338.0	5391.0	5536.0	5152.0	5398.0	6073.0	5609.0	5632.0	
t200k_scan_project12	7996.0	7396.0	7554.0	7824.0	7465.0	7587.0	7798.0	7420.0	7852.0	7224.0	
t300k_scan_project1	3912.0	3108.0	3637.0	4461.0	3841.0	3622.0	3158.0	3725.0	3647.0	3752.0	
t300k_scan_project3	5777.0	4888.0	5363.0	4864.0	4511.0	4480.0	4314.0	4390.0	4780.0	4703.0	
t300k_scan_project6	6679.0	5957.0	6213.0	6584.0	5781.0	5898.0	5777.0	6037.0	6620.0	5997.0	
t300k_scan_project9	8378.0	7922.0	7561.0	7651.0	7505.0	7228.0	7128.0	7295.0	7251.0	7090.0	
t300k_scan_project12	11040.0	10528.0	10574.0	10479.0	10449.0	10481.0	10456.0	10782.0	10557.0	10411.0	
t400k_scan_project1	6062.0	4302.0	4389.0	4458.0	4261.0	4266.0	4469.0	4422.0	4594.0	4506.0	
t400k_scan_project3	6328.0	6285.0	6213.0	6123.0	5905.0	5992.0	6164.0	6201.0	6163.0	5955.0	
t400k_scan_project6	8254.0	7842.0	7802.0	7642.0	7288.0	7209.0	7475.0	7804.0	7759.0	7660.0	
t400k_scan_project9	10483.0	9803.0	9741.0	9250.0	9475.0	10078.0	9735.0	9240.0	9647.0	9930.0	
t400k_scan_project12	15138.0	13972.0	13781.0	13738.0	14006.0	13467.0	13194.0	13353.0	13327.0	13453.0	
t500k_scan_project1	6246.0	4944.0	4572.0	4809.0	5134.0	5483.0	4852.0	5074.0	5157.0	4788.0	
t500k_scan_project3	7468.0	6939.0	6769.0	7294.0	7317.0	7358.0	7064.0	8665.0	6683.0	6780.0	
t500k_scan_project6	10025.0	9154.0	9261.0	9017.0	9346.0	9719.0	8781.0	9092.0	9156.0	9500.0	
t500k_scan_project9	12900.0	11955.0	11644.0	11802.0	11418.0	12166.0	11656.0	11803.0	11756.0	11803.0	
t500k_scan_project12	18084.0	16885.0	16986.0	16645.0	16542.0	16410.0	16562.0	16417.0	16519.0	16467.0	
t600k_scan_project1	7033.0	5859.0	5376.0	6106.0	5703.0	5749.0	5180.0	5683.0	5795.0	6106.0	
t600k_scan_project3	9126.0	8104.0	8211.0	8441.0	8498.0	7968.0	8102.0	9178.0	7888.0	8284.0	
t600k_scan_project6	12118.0	10995.0	10877.0	10775.0	10827.0	11561.0	10453.0	10250.0	10557.0	10184.0	
t600k_scan_project9	14372.0	14023.0	13916.0	13992.0	13543.0	13991.0	14118.0	13872.0	14556.0	13633.0	
t600k_scan_project12	21087.0	19877.0	20296.0	19761.0	20017.0	19705.0	19483.0	20344.0	19885.0	20211.0	
t700k_scan_project1	7331.0	6325.0	6692.0	6862.0	6492.0	6265.0	6550.0	6636.0	6503.0	6836.0	
t700k_scan_project3	10936.0	9485.0	10067.0	9376.0	9026.0	9699.0	10444.0	9383.0	9141.0	9510.0	
t700k_scan_project6	13600.0	12516.0	12381.0	13221.0	11867.0	12318.0	12767.0	12291.0	12427.0	11956.0	
t700k_scan_project9	17363.0	16160.0	15981.0	16068.0	15964.0	16413.0	15946.0	16020.0	16624.0	15457.0	
t700k_scan_project12	23828.0	22736.0	22619.0	22521.0	22791.0	22951.0	22967.0	23441.0	22913.0	23816.0	
t800k_scan_project1	8704.0	7136.0	7095.0	6978.0	6947.0	7246.0	7987.0	7156.0	7065.0	7029.0	
t800k_scan_project3	11708.0	10346.0	10165.0	11055.0	10736.0	10790.0	10832.0	10906.0	10524.0	10910.0	
t800k_scan_project6	14722.0	14062.0	13679.0	13801.0	13961.0	13986.0	13877.0	14102.0	13878.0	13709.0	
t800k_scan_project9	18719.0	17971.0	18768.0	17568.0	18620.0	18136.0	17883.0	18829.0	17740.0	18120.0	
t800k_scan_project12	27642.0	26734.0	26878.0	26202.0	26838.0	26319.0	26451.0	26268.0	25847.0	26096.0	
t900k_scan_project1	8937.0	7943.0	8042.0	8264.0	9209.0	7646.0	7911.0	8402.0	9320.0	8047.0	
t900k_scan_project3	13295.0	11881.0	12856.0	11809.0	12077.0	11517.0	11931.0	11845.0	11890.0	13420.0	
t900k_scan_project6	16742.0	15031.0	16768.0	15671.0	15561.0	15413.0	15275.0	15762.0	15420.0	16170.0	
t900k_scan_project9	20708.0	20045.0	20338.0	19698.0	20255.0	21065.0	19753.0	20194.0	20134.0	20424.0	
t900k_scan_project12	30478.0	30127.0	29237.0	29268.0	29562.0	31773.0	31629.0	29407.0	28997.0	29524.0	
t1000k_scan_project1	10488.0	9648.0	9448.0	8984.0	11061.0	10203.0	9864.0	10119.0	12010.0	10586.0	
t1000k_scan_project3	17153.0	14648.0	14371.0	16329.0	14787.0	14701.0	16422.0	14792.0	14618.0	15447.0	
t1000k_scan_project6	20953.0	18892.0	18222.0	18948.0	19753.0	18988.0	19584.0	18581.0	18514.0	18681.0	
t1000k_scan_project9	24790.0	24271.0	23241.0	24890.0	23251.0	24502.0	23366.0	24647.0	23306.0	25014.0	
t1000k_scan_project12	34773.0	32424.0	32286.0	32602.0	32407.0	32102.0	32874.0	34348.0	32601.0	32270.0	
t1_scan_sort1	1250.0	806.0	836.0	806.0	799.0	750.0	771.0	995.0	1273.0	850.0	
t1_scan_sort3	839.0	853.0	867.0	705.0	761.0	828.0	738.0	1121.0	1276.0	1295.0	
t1_scan_sort6	1250.0	723.0	812.0	729.0	739.0	895.0	761.0	603.0	714.0	840.0	
t1_scan_sort9	736.0	734.0	1017.0	1361.0	1034.0	973.0	795.0	850.0	795.0	883.0	
t1_scan_sort12	914.0	972.0	731.0	751.0	750.0	809.0	1117.0	1195.0	917.0	754.0	
t100k_scan_sort1	8049.0	6714.0	7054.0	6972.0	6499.0	6580.0	6785.0	7110.0	7152.0	7019.0	
t100k_scan_sort3	7542.0	7050.0	6908.0	7005.0	7013.0	6772.0	6660.0	6908.0	6840.0	7016.0	
t100k_scan_sort6	7629.0	7027.0	7007.0	6513.0	6535.0	7045.0	7037.0	6916.0	6579.0	6502.0	
t100k_scan_sort9	7462.0	7120.0	7305.0	6925.0	6971.0	7019.0	6717.0	7188.0	6968.0	6899.0	
t100k_scan_sort12	7360.0	7063.0	7480.0	7284.0	6587.0	6553.0	7515.0	7138.0	6974.0	7023.0	
t200k_scan_sort1	13837.0	13116.0	13387.0	13327.0	12995.0	13559.0	13683.0	13052.0	13364.0	13171.0	
t200k_scan_sort3	14088.0	13908.0	13153.0	13527.0	13114.0	12925.0	13130.0	13475.0	13145.0	13323.0	
t200k_scan_sort6	13854.0	13020.0	13667.0	13123.0	13799.0	13262.0	12904.0	13292.0	12782.0	12847.0	
t200k_scan_sort9	13819.0	13134.0	13123.0	13162.0	12964.0	12930.0	13328.0	13384.0	13104.0	13063.0	
t200k_scan_sort12	13838.0	13428.0	13098.0	13394.0	13059.0	13250.0	13086.0	12684.0	13523.0	13189.0	
t300k_scan_sort1	20197.0	19335.0	19964.0	19346.0	19413.0	19827.0	19652.0	19727.0	19754.0	19502.0	
t300k_scan_sort3	19870.0	19769.0	19461.0	20366.0	19766.0	19775.0	19450.0	19483.0	19712.0	19359.0	
t300k_scan_sort6	20139.0	20026.0	19173.0	19407.0	19262.0	19357.0	20222.0	19758.0	19251.0	19576.0	
t300k_scan_sort9	20810.0	19711.0	19656.0	19735.0	19275.0	19607.0	19183.0	19556.0	19362.0	19160.0	
t300k_scan_sort12	20435.0	19354.0	19591.0	18954.0	19889.0	19507.0	19002.0	19000.0	19938.0	19317.0	
t400k_scan_sort1	26877.0	26232.0	26388.0	26089.0	26244.0	26464.0	25245.0	24850.0	26880.0	25587.0	
t400k_scan_sort3	26755.0	26060.0	26549.0	25396.0	25509.0	26495.0	25120.0	25070.0	25759.0	26206.0	
t400k_scan_sort6	26498.0	25451.0	26491.0	25239.0	25135.0	26491.0	25878.0	26658.0	25496.0	25282.0	
t400k_scan_sort9	26559.0	26314.0	26743.0	25437.0	25438.0	26113.0	25347.0	25953.0	25824.0	26342.0	
t400k_scan_sort12	26286.0	25319.0	26651.0	25531.0	26211.0	25379.0	25722.0	25736.0	25454.0	25785.0	
t500k_scan_sort1	34828.0	32047.0	31970.0	32563.0	31368.0	32612.0	32354.0	32766.0	31718.0	31629.0	
t500k_scan_sort3	32329.0	31520.0	33970.0	32970.0	32688.0	31886.0	33642.0	32661.0	32532.0	32843.0	
t500k_scan_sort6	33217.0	31548.0	32506.0	32476.0	34669.0	32449.0	32616.0	32001.0	31670.0	31968.0	
t500k_scan_sort9	33444.0	32001.0	32444.0	32799.0	31878.0	32414.0	31609.0	34805.0	33239.0	32076.0	
t500k_scan_sort12	33250.0	32349.0	32658.0	31043.0	32900.0	32401.0	32401.0	31904.0	32644.0	31746.0	
t600k_scan_sort1	38838.0	38828.0	38478.0	38939.0	37978.0	38992.0	38674.0	38394.0	38000.0	37696.0	
t600k_scan_sort3	38612.0	39071.0	38521.0	37606.0	38717.0	40000.0	37894.0	38084.0	38801.0	39159.0	
t600k_scan_sort6	39473.0	37196.0	38491.0	38487.0	39360.0	38563.0	37547.0	38920.0	38063.0	38610.0	
t600k_scan_sort9	39752.0	38638.0	37676.0	37757.0	38611.0	36981.0	37999.0	38456.0	41036.0	39161.0	
t600k_scan_sort12	40112.0	40117.0	38088.0	38693.0	39302.0	39112.0	40780.0	38585.0	37750.0	39088.0	
t700k_scan_sort1	44897.0	44359.0	45163.0	44251.0	45177.0	45533.0	43953.0	45426.0	45582.0	43896.0	
t700k_scan_sort3	45439.0	45587.0	44860.0	47860.0	45293.0	45709.0	43751.0	44603.0	45399.0	43480.0	
t700k_scan_sort6	45143.0	45830.0	44096.0	45166.0	44770.0	44185.0	45558.0	47725.0	45074.0	43795.0	
t700k_scan_sort9	45360.0	44850.0	45749.0	43696.0	44502.0	45671.0	45636.0	45501.0	45611.0	43856.0	
t700k_scan_sort12	46889.0	45252.0	44344.0	45509.0	46791.0	45536.0	45448.0	47788.0	44989.0	44077.0	
t800k_scan_sort1	52904.0	50912.0	51890.0	51355.0	50397.0	50517.0	50737.0	50854.0	51693.0	54826.0	
t800k_scan_sort3	52743.0	51525.0	52309.0	52006.0	52160.0	52492.0	55268.0	52357.0	51462.0	51849.0	
t800k_scan_sort6	53684.0	50269.0	50634.0	53168.0	50465.0	51470.0	51760.0	51596.0	51353.0	51772.0	
t800k_scan_sort9	54857.0	50152.0	52625.0	52362.0	51445.0	51917.0	52518.0	51425.0	52017.0	54112.0	
t800k_scan_sort12	53037.0	50618.0	51257.0	51890.0	52226.0	51977.0	52152.0	53364.0	51159.0	52223.0	
t900k_scan_sort1	63346.0	56879.0	58128.0	58114.0	58133.0	57646.0	58510.0	56695.0	56811.0	58777.0	
t900k_scan_sort3	58712.0	55691.0	58202.0	56239.0	56736.0	58061.0	56880.0	58245.0	58683.0	56721.0	
t900k_scan_sort6	58244.0	56805.0	56959.0	57186.0	57068.0	57834.0	57974.0	57100.0	56658.0	58583.0	
t900k_scan_sort9	58685.0	57145.0	59393.0	57706.0	57274.0	57596.0	58183.0	59488.0	57652.0	58186.0	
t900k_scan_sort12	59175.0	56866.0	56019.0	57095.0	56922.0	57585.0	58325.0	58505.0	57015.0	58443.0	
t1000k_scan_sort1	66381.0	69074.0	64472.0	65578.0	66520.0	65400.0	66339.0	64695.0	69440.0	67381.0	
t1000k_scan_sort3	72190.0	64015.0	65213.0	65839.0	67937.0	66461.0	65370.0	70321.0	66242.0	63970.0	
t1000k_scan_sort6	71705.0	65871.0	66322.0	63766.0	67951.0	66025.0	65543.0	69049.0	66435.0	64911.0	
t1000k_scan_sort9	72070.0	65749.0	66501.0	69511.0	66761.0	63904.0	65244.0	66640.0	68415.0	66813.0	
t1000k_scan_sort12	66936.0	69738.0	65247.0	65785.0	72219.0	66518.0	65109.0	70501.0	67514.0	64336.0	
